,datetime,open,close,high,low,volume
0,2018-01-18,21.85,23.83,23.83,21.85,71
1,2018-01-19,26.21,26.21,26.21,26.21,14
2,2018-01-22,28.83,28.83,28.83,28.83,26
3,2018-01-23,31.71,31.71,31.71,31.71,30
4,2018-01-24,34.88,34.88,34.88,34.88,95
5,2018-01-25,38.37,38.37,38.37,38.37,161
6,2018-01-26,42.21,42.21,42.21,42.21,488
7,2018-01-29,46.43,46.43,46.43,46.43,804
8,2018-01-30,51.07,51.07,51.07,51.07,3037
9,2018-01-31,56.18,56.18,56.18,56.18,2814
10,2018-02-01,60.0,61.0,61.8,57.33,145087
11,2018-02-02,58.55,54.9,60.44,54.9,85951
12,2018-02-05,50.0,49.41,51.2,49.41,51274
13,2018-02-06,44.82,44.47,46.8,44.47,64679
14,2018-02-07,47.0,47.3,48.92,45.0,84385
15,2018-02-08,45.03,47.7,48.85,43.5,69681
16,2018-02-09,45.03,47.65,51.49,45.02,82816
17,2018-02-12,49.6,52.42,52.42,48.7,68528
18,2018-02-13,54.0,47.18,54.0,47.18,67513
19,2018-02-14,45.0,44.0,46.6,42.46,62236
20,2018-02-22,44.45,45.83,47.1,43.63,46151
21,2018-02-23,45.34,46.39,46.57,44.92,42267
22,2018-02-26,48.29,48.89,49.45,47.5,53268
23,2018-02-27,48.1,50.35,52.93,48.03,61667
24,2018-02-28,48.9,45.48,48.9,45.35,57567
25,2018-03-01,45.12,50.03,50.03,45.12,33987
26,2018-03-02,52.37,55.03,55.03,52.3,106919
27,2018-03-05,56.17,60.53,60.53,55.0,98498
28,2018-03-06,64.0,66.58,66.58,62.22,77941
29,2018-03-07,71.29,73.24,73.24,69.99,78638
30,2018-03-08,79.97,80.56,80.56,78.0,19892
31,2018-03-16,88.62,88.62,88.62,88.62,7400
32,2018-03-19,97.46,97.48,97.48,95.0,43089
33,2018-03-20,102.0,107.23,107.23,99.69,78970
34,2018-03-21,114.0,111.85,115.38,107.23,84024
35,2018-03-22,115.0,109.0,117.9,106.75,109748
36,2018-03-23,106.0,119.9,119.9,106.0,105156
37,2018-03-26,119.8,114.54,119.8,109.01,97004
38,2018-03-27,118.0,125.99,125.99,115.2,71551
39,2018-04-04,138.59,138.59,138.59,133.15,45477
40,2018-04-09,148.0,152.45,152.45,142.33,39201
41,2018-04-10,167.0,143.11,167.7,142.0,104112
42,2018-04-11,145.71,148.3,148.87,141.0,75739
43,2018-04-12,150.0,142.0,151.0,139.0,76393
44,2018-04-13,140.66,131.84,144.0,130.5,77001
45,2018-04-16,129.95,134.0,136.3,129.9,58628
46,2018-04-17,132.0,126.0,137.99,126.0,75495
47,2018-04-18,127.0,129.9,131.96,122.03,68530
48,2018-04-19,128.0,122.9,142.89,121.21,108045
49,2018-04-20,120.0,111.05,121.79,110.61,98677
50,2018-04-23,112.05,113.7,115.0,111.54,55781
51,2018-04-24,115.0,125.07,125.07,113.5,86617
52,2018-04-25,130.0,120.6,136.56,120.0,122617
53,2018-04-26,116.98,113.08,123.0,112.41,69553
54,2018-04-27,115.0,112.5,119.0,112.5,55036
55,2018-05-02,113.52,120.0,120.0,108.1,72115
56,2018-05-03,118.0,121.72,126.33,117.01,79127
57,2018-05-04,118.43,113.81,120.44,112.54,62190
58,2018-05-07,113.8,125.19,125.19,113.03,64248
59,2018-05-08,130.47,120.9,131.45,120.02,85026
60,2018-05-09,117.0,120.26,120.66,114.59,58755
61,2018-05-10,118.99,117.52,121.8,116.5,41406
62,2018-05-11,116.0,117.22,123.9,115.04,57055
63,2018-05-14,113.0,116.12,119.5,111.15,45551
64,2018-05-15,116.12,119.6,123.6,115.1,65847
65,2018-05-16,117.0,117.48,120.05,115.2,49814
66,2018-05-17,115.01,117.1,123.21,114.0,56042
67,2018-05-18,116.0,118.46,122.0,115.52,52115
68,2018-05-21,120.21,130.31,130.31,120.21,91500
69,2018-05-22,134.96,124.87,134.97,124.06,100004
70,2018-05-23,122.0,125.23,128.94,121.01,70120
71,2018-05-24,122.75,120.2,124.37,119.5,52521
72,2018-05-25,120.0,114.58,121.48,114.5,47853
73,2018-05-28,114.97,109.75,115.41,108.61,39617
74,2018-05-29,111.1,112.5,112.88,109.76,32385
75,2018-05-30,110.02,101.25,111.0,101.25,43951
76,2018-05-31,101.5,102.85,103.5,100.33,32371
77,2018-06-01,101.5,98.2,104.98,96.1,40489
78,2018-06-04,99.6,97.99,100.46,96.71,24663
79,2018-06-05,98.2,101.38,101.5,98.05,38686
80,2018-06-06,100.48,99.98,103.0,99.5,29826
81,2018-06-07,100.5,96.47,102.3,96.2,31251
82,2018-06-08,96.35,97.2,99.66,96.0,28171
83,2018-06-11,97.48,95.6,98.8,95.22,23236
84,2018-06-12,95.15,93.9,96.18,89.81,32593
85,2018-06-13,94.38,90.25,95.38,90.21,25252
86,2018-06-14,90.6,99.28,99.28,90.11,46002
87,2018-06-15,99.55,92.95,99.87,90.94,45595
88,2018-06-19,89.85,84.52,89.99,83.66,39520
89,2018-06-20,85.7,86.8,89.58,84.52,39470
90,2018-06-21,85.16,81.41,85.95,80.46,38292
91,2018-06-22,81.66,83.42,85.57,80.86,34990
92,2018-06-25,83.5,84.85,86.2,82.88,32082
93,2018-06-26,83.51,87.85,90.8,82.2,44329
94,2018-06-27,87.35,88.66,89.56,86.26,37904
95,2018-06-28,88.0,84.6,90.94,84.5,36269
96,2018-06-29,85.0,89.8,93.06,83.55,70755
97,2018-07-02,88.54,87.01,90.58,85.33,46822
98,2018-07-03,87.6,89.9,90.4,86.76,42145
99,2018-07-04,90.0,83.12,90.0,81.87,43708
100,2018-07-05,83.08,81.3,85.1,80.81,25839
101,2018-07-06,81.0,83.83,86.99,81.0,38365
102,2018-07-09,83.83,85.36,85.6,83.4,27865
103,2018-07-10,85.35,87.1,87.85,84.43,33553
104,2018-07-11,86.0,84.95,86.0,82.6,34761
105,2018-07-12,85.7,87.81,89.58,85.55,40970
106,2018-07-13,87.4,86.68,89.5,86.3,33150
107,2018-07-16,87.9,87.22,88.28,86.51,21527
108,2018-07-17,86.38,85.59,87.65,83.65,26506
109,2018-07-18,85.36,83.32,86.39,83.2,20015
110,2018-07-19,83.99,81.77,84.24,81.3,19000
111,2018-07-20,82.7,82.6,83.48,81.55,18807
112,2018-07-23,82.45,82.38,82.45,81.0,15909
113,2018-07-24,82.8,83.88,84.78,82.48,18780
114,2018-07-25,84.44,81.88,84.9,81.8,20320
115,2018-07-26,80.5,75.61,80.73,75.1,36418
116,2018-07-27,74.15,74.65,76.58,74.15,12923
117,2018-07-30,74.52,73.05,75.41,72.02,14734
118,2018-07-31,73.33,73.43,74.0,72.62,10518
119,2018-08-01,74.4,72.1,74.67,72.08,11697
120,2018-08-02,72.0,73.68,74.28,68.67,31719
121,2018-08-03,73.08,70.44,73.8,70.44,17522
122,2018-08-06,70.1,66.8,70.1,66.3,20045
123,2018-08-07,66.81,69.81,71.4,66.37,27974
124,2018-08-08,69.8,67.0,70.0,66.51,23140
125,2018-08-09,67.41,73.7,73.7,67.41,48205
126,2018-08-10,72.05,72.76,73.12,71.11,37314
127,2018-08-13,71.2,72.99,73.38,70.5,26700
128,2018-08-14,72.91,71.95,72.91,71.0,19398
129,2018-08-15,71.53,69.56,71.7,69.5,16097
130,2018-08-16,67.8,68.04,69.76,67.0,12788
131,2018-08-17,69.31,66.87,69.31,66.3,13982
132,2018-08-20,66.86,68.58,68.58,66.5,13825
133,2018-08-21,68.6,70.21,70.6,67.2,21034
134,2018-08-22,69.5,67.93,70.2,67.9,15316
135,2018-08-23,68.7,70.8,74.5,68.49,39792
136,2018-08-24,70.05,70.51,72.2,69.75,23333
137,2018-08-27,70.99,71.8,72.44,70.76,21804
138,2018-08-28,72.0,70.91,72.3,70.37,16876
139,2018-08-29,70.8,70.14,71.1,69.66,11543
140,2018-08-30,70.16,70.0,72.17,69.82,18400
141,2018-08-31,69.87,66.99,70.0,66.6,19064
142,2018-09-03,66.51,64.7,67.09,62.51,19653
143,2018-09-04,64.24,65.35,66.28,64.23,14353
144,2018-09-05,64.96,65.31,66.5,64.55,16669
145,2018-09-06,65.01,65.79,67.3,64.32,20675
146,2018-09-07,65.99,66.86,68.48,65.38,23483
147,2018-09-10,67.4,69.04,70.14,65.43,35562
148,2018-09-11,70.0,68.35,70.0,67.67,22117
149,2018-09-12,67.1,68.16,69.45,66.66,19553
150,2018-09-13,68.78,68.79,69.3,67.05,18148
151,2018-09-14,68.78,64.33,68.79,64.0,24310
152,2018-09-17,63.15,63.55,64.4,62.67,11195
153,2018-09-18,63.55,64.32,64.5,62.31,13643
154,2018-09-19,64.0,67.1,70.75,63.21,34924
155,2018-09-20,66.79,65.85,66.79,65.5,17780
156,2018-09-21,66.0,65.94,66.45,65.05,11482
157,2018-09-25,65.0,65.87,66.88,65.0,8927
158,2018-09-26,66.18,66.6,67.45,65.41,15529
159,2018-09-27,67.0,67.29,68.66,66.2,23953
160,2018-09-28,66.56,69.99,70.88,66.4,36745
161,2018-10-08,68.0,67.82,68.88,67.01,20765
162,2018-10-09,68.23,69.7,70.87,68.23,23923
163,2018-10-10,69.7,70.7,72.0,67.5,32866
164,2018-10-11,67.17,63.74,68.53,63.63,28418
165,2018-10-12,64.0,60.26,64.29,57.61,29008
166,2018-10-15,60.79,59.6,61.22,59.59,14052
167,2018-10-16,59.5,60.29,62.88,59.5,21898
168,2018-10-17,60.2,61.35,62.5,59.58,19090
169,2018-10-18,60.14,60.0,61.8,60.0,16545
170,2018-10-19,58.8,61.23,61.48,57.23,20275
171,2018-10-22,61.0,63.69,64.76,61.0,29373
172,2018-10-23,63.2,61.85,64.4,61.52,22042
173,2018-10-24,61.59,60.83,62.3,60.51,13882
174,2018-10-25,57.96,56.14,57.96,54.8,28507
175,2018-10-26,56.75,56.29,57.79,55.81,14669
176,2018-10-29,55.57,55.3,56.66,54.56,11450
177,2018-10-30,55.4,57.2,58.16,54.0,23360
178,2018-10-31,56.97,57.3,58.5,56.6,20285
179,2018-11-01,58.03,58.3,62.0,57.52,30918
180,2018-11-02,59.0,59.87,60.58,58.78,26110
181,2018-11-05,60.3,59.81,61.8,58.52,25866
182,2018-11-06,59.5,65.79,65.79,56.5,63512
183,2018-11-07,65.88,64.6,68.49,64.49,63465
184,2018-11-08,62.07,61.95,63.5,61.9,32198
185,2018-11-09,62.03,60.96,63.2,60.8,20497
186,2018-11-12,60.3,62.61,62.84,60.3,22510
187,2018-11-13,61.09,61.98,62.87,61.0,24706
188,2018-11-14,61.5,62.9,63.36,61.21,23948
189,2018-11-15,64.4,66.42,67.84,63.54,44842
190,2018-11-16,66.34,68.5,72.48,65.68,53084
191,2018-11-19,69.28,67.7,69.88,66.5,30855
192,2018-11-20,66.95,67.99,69.98,66.01,36475
193,2018-11-21,66.08,66.57,67.5,65.05,23792
194,2018-11-22,67.45,67.27,69.5,67.08,30387
195,2018-11-23,66.99,63.9,66.99,62.88,24799
196,2018-11-26,62.62,60.39,62.9,59.7,23751
197,2018-11-27,60.45,60.18,61.33,59.54,12901
198,2018-11-28,60.56,61.2,61.25,59.63,12918
199,2018-11-29,61.32,57.89,61.89,57.6,17543
200,2018-11-30,57.31,58.63,58.99,56.6,13413
201,2018-12-03,60.58,60.5,61.16,59.51,16597
202,2018-12-04,60.49,61.02,61.6,59.85,17605
203,2018-12-05,59.48,59.9,60.5,59.01,12182
204,2018-12-06,59.5,58.6,60.18,58.38,11112
205,2018-12-07,59.28,58.62,59.57,58.58,6739
206,2018-12-10,58.5,58.08,59.51,58.01,6721
207,2018-12-11,58.3,58.52,58.8,58.0,7331
208,2018-12-12,58.9,58.6,59.3,58.4,7428
209,2018-12-13,58.92,59.19,59.2,57.69,12778
210,2018-12-14,59.27,57.27,59.27,57.25,9622
211,2018-12-17,57.1,57.8,57.84,56.5,7285
212,2018-12-18,57.8,57.7,58.5,57.12,7173
213,2018-12-19,58.0,57.4,58.53,57.08,7123
214,2018-12-20,56.79,58.1,58.5,56.78,7915
215,2018-12-21,57.9,59.48,59.95,57.7,20446
216,2018-12-24,59.82,60.9,61.46,58.94,26835
217,2018-12-25,59.94,59.5,59.94,57.18,21999
218,2018-12-26,59.5,58.48,60.25,58.48,13957
219,2018-12-27,59.3,56.24,59.48,56.02,14067
220,2018-12-28,55.88,54.06,56.35,54.0,13928
221,2019-01-02,54.06,52.94,54.87,52.91,10324
222,2019-01-03,52.94,51.13,53.46,51.05,12904
223,2019-01-04,50.6,51.69,52.39,49.6,14625
224,2019-01-07,52.3,52.35,52.75,51.72,12727
225,2019-01-08,52.49,52.28,53.85,52.2,13197
226,2019-01-09,52.29,52.23,53.09,51.4,13594
227,2019-01-10,52.0,51.47,52.87,51.36,12249
228,2019-01-11,46.32,46.32,46.49,46.32,10185
229,2019-01-14,45.21,44.94,46.15,44.83,29951
230,2019-01-15,45.06,44.57,45.16,43.88,21624
231,2019-01-16,44.36,44.94,45.45,44.36,16888
232,2019-01-17,44.7,43.58,44.7,43.53,17821
233,2019-01-18,44.01,44.3,44.81,43.7,16010
234,2019-01-21,44.11,44.48,44.58,44.01,10808
235,2019-01-22,44.2,44.89,45.0,44.2,13512
236,2019-01-23,44.89,44.51,44.9,44.23,9152
237,2019-01-24,44.51,45.57,45.98,44.25,21146
238,2019-01-25,45.47,44.49,45.47,44.41,14457
239,2019-01-28,44.55,43.99,44.93,43.8,10330
240,2019-01-29,43.83,42.36,44.15,42.2,12944
241,2019-01-30,42.41,44.4,45.76,42.02,25097
242,2019-01-31,44.03,41.89,44.5,41.82,19346
243,2019-02-01,42.01,43.07,43.15,42.01,9853
244,2019-02-11,42.69,44.41,44.64,42.69,17864
245,2019-02-12,44.4,44.94,45.55,44.04,28825
246,2019-02-13,44.8,46.27,46.43,44.5,35063
247,2019-02-14,46.0,46.41,46.7,45.1,31953
248,2019-02-15,46.39,46.2,46.8,45.95,18616
249,2019-02-18,46.2,48.49,50.2,46.2,38110
250,2019-02-19,48.79,49.61,50.76,48.41,35963
251,2019-02-20,49.59,50.48,50.5,48.51,24239
252,2019-02-21,50.2,55.53,55.53,50.1,33929
253,2019-02-22,60.9,61.08,61.08,59.0,25528
254,2019-02-25,66.99,63.05,66.99,60.68,69199
255,2019-02-26,61.88,61.27,66.79,60.82,50576
256,2019-02-27,59.0,56.89,60.0,56.11,46143
257,2019-02-28,57.12,58.0,58.78,56.6,26573
258,2019-03-01,58.52,61.13,63.57,58.52,29916
259,2019-03-04,62.0,61.9,62.79,59.8,31171
260,2019-03-05,61.2,62.2,62.21,60.54,20651
261,2019-03-06,62.88,63.95,65.2,62.03,32759
262,2019-03-07,63.85,65.8,66.66,62.16,34362
263,2019-03-08,63.5,67.3,72.0,62.01,49664
264,2019-03-11,68.54,67.41,70.5,64.73,28939
265,2019-03-12,68.1,67.27,69.66,66.38,29630
266,2019-03-13,69.0,68.1,73.7,66.9,42886
267,2019-03-14,66.5,63.0,66.66,61.6,30596
268,2019-03-15,63.41,62.46,64.0,61.7,17584
269,2019-03-18,63.98,63.47,64.0,62.21,14565
270,2019-03-19,63.0,64.42,65.19,62.76,20998
271,2019-03-20,64.4,62.14,64.4,61.01,21426
272,2019-03-21,62.0,62.6,63.5,61.99,16928
273,2019-03-22,63.49,63.08,63.6,62.19,12089
274,2019-03-25,61.7,62.2,62.99,61.0,11638
275,2019-03-26,62.95,59.7,62.95,58.65,20005
276,2019-03-27,60.0,59.36,60.0,57.36,15166
277,2019-03-28,58.43,56.92,60.58,56.91,18040
278,2019-03-29,57.6,60.27,61.75,57.22,21805
279,2019-04-01,60.35,63.0,63.0,60.35,19610
280,2019-04-02,63.3,65.66,66.31,62.31,32052
281,2019-04-03,64.54,64.54,66.6,63.5,18010
282,2019-04-04,64.57,62.05,65.15,62.03,22443
283,2019-04-08,62.8,61.0,62.85,60.19,14017
284,2019-04-09,61.0,61.8,62.66,60.41,10588
285,2019-04-10,61.0,59.8,61.66,58.7,18160
286,2019-04-11,60.18,59.23,60.9,58.97,9770
287,2019-04-12,59.23,58.18,59.85,57.58,14624
288,2019-04-15,58.8,57.5,59.85,57.42,12688
289,2019-04-16,57.4,59.9,60.0,57.32,15998
290,2019-04-17,60.0,59.22,60.15,59.06,10504
291,2019-04-18,59.86,58.56,59.92,58.5,7890
292,2019-04-19,58.56,57.95,59.32,57.73,10765
293,2019-04-22,57.7,57.04,58.63,56.9,10058
294,2019-04-23,56.59,56.85,57.95,56.56,7844
295,2019-04-24,57.19,56.59,57.28,54.0,15046
296,2019-04-25,56.41,54.88,57.49,54.51,10162
297,2019-04-26,55.02,54.4,55.35,53.91,9701
298,2019-04-29,54.67,51.15,55.2,49.6,14101
299,2019-04-30,51.1,51.26,52.73,50.0,13503
300,2019-05-06,49.5,48.93,51.95,48.1,16963
301,2019-05-07,49.12,49.01,49.89,48.65,9878
302,2019-05-08,47.5,48.96,49.5,47.0,9771
303,2019-05-09,48.5,48.5,49.27,48.24,7049
304,2019-05-10,49.15,49.9,50.1,48.01,22141
305,2019-05-13,49.31,48.61,49.79,48.2,14345
306,2019-05-14,48.06,48.6,49.28,47.88,13142
307,2019-05-15,48.9,49.65,49.9,48.86,15293
308,2019-05-16,49.65,49.01,49.85,48.93,11810
309,2019-05-17,49.06,46.22,49.64,45.5,16687
310,2019-05-20,46.74,47.38,47.7,46.24,11723
311,2019-05-21,47.37,48.75,49.47,46.53,13956
312,2019-05-22,49.0,53.63,53.63,48.71,31904
313,2019-05-23,54.1,53.24,57.88,52.58,57030
314,2019-05-24,51.23,50.29,51.89,49.56,35294
315,2019-05-27,49.17,51.88,52.4,48.03,29282
316,2019-05-28,53.0,52.05,53.63,51.02,27919
317,2019-05-29,51.2,52.1,53.42,50.51,20031
318,2019-05-30,51.51,53.52,54.47,51.51,25576
319,2019-05-31,53.02,53.0,54.26,52.58,19019
320,2019-06-03,52.18,51.1,52.79,50.33,16869
321,2019-06-04,51.69,51.71,52.96,51.08,16057
322,2019-06-05,52.35,51.16,52.8,50.7,13324
323,2019-06-06,50.9,49.6,52.56,49.55,12433
324,2019-06-10,49.98,49.4,50.86,48.8,11920
325,2019-06-11,49.4,51.24,51.39,48.6,15632
326,2019-06-12,51.0,50.9,52.15,50.51,12515
327,2019-06-13,50.77,51.35,52.11,50.32,13139
328,2019-06-14,51.0,49.48,51.99,49.44,12457
329,2019-06-17,49.98,49.18,49.98,48.25,10698
330,2019-06-18,49.05,49.26,49.88,48.88,6148
331,2019-06-19,50.1,49.86,50.9,49.75,10092
332,2019-06-20,49.42,51.7,51.94,48.5,18283
333,2019-06-21,51.45,51.77,52.6,51.45,16179
334,2019-06-24,51.35,51.47,52.48,51.25,10560
335,2019-06-25,51.22,49.97,51.22,49.75,10370
336,2019-06-26,49.73,49.28,50.15,49.28,9269
337,2019-06-27,49.81,49.82,50.25,49.38,10072
338,2019-06-28,49.51,48.23,49.74,47.6,13839
339,2019-07-01,49.17,50.42,50.47,49.02,15924
340,2019-07-02,50.16,49.91,51.19,49.6,10818
341,2019-07-03,49.96,49.0,49.96,48.83,7336
342,2019-07-04,49.45,49.0,49.45,48.53,6477
343,2019-07-05,48.59,48.85,49.1,48.5,6602
344,2019-07-08,48.85,46.59,48.85,46.48,12237
345,2019-07-09,46.78,46.6,46.89,46.08,6634
346,2019-07-10,46.8,47.19,47.74,46.29,8744
347,2019-07-11,47.44,47.1,47.75,46.5,6033
348,2019-07-12,46.98,46.76,47.06,46.27,4814
349,2019-07-15,46.76,48.77,48.85,46.51,13955
350,2019-07-16,48.77,48.93,49.31,48.45,9599
351,2019-07-17,49.01,49.5,49.94,48.72,11468
352,2019-07-18,49.0,47.48,49.03,47.4,10383
353,2019-07-19,47.79,48.76,49.29,47.79,8601
354,2019-07-22,48.97,47.53,48.97,47.0,12738
355,2019-07-23,47.17,47.45,47.56,46.7,8715
356,2019-07-24,47.69,48.5,48.77,47.12,10442
357,2019-07-25,48.3,49.52,49.71,48.3,13996
358,2019-07-26,49.2,49.46,49.7,48.81,9113
359,2019-07-29,49.15,51.92,52.95,49.15,27365
360,2019-07-30,51.4,50.8,52.38,50.75,22026
361,2019-07-31,51.06,50.7,51.18,50.0,15397
362,2019-08-01,50.34,50.8,51.05,50.05,10641
363,2019-08-02,49.98,51.35,51.65,49.23,18260
364,2019-08-05,51.4,50.15,51.5,50.13,14153
365,2019-08-06,49.08,48.21,49.09,47.6,14666
366,2019-08-07,48.7,47.21,49.06,47.0,12267
367,2019-08-08,47.27,47.63,48.14,46.66,14069
368,2019-08-09,47.6,46.88,47.79,46.7,10469
369,2019-08-12,47.0,48.45,48.46,46.8,9162
370,2019-08-13,48.0,48.5,48.83,47.8,6402
371,2019-08-14,49.13,51.42,53.35,49.13,39596
372,2019-08-15,50.6,52.38,52.66,49.61,30335
373,2019-08-16,51.7,51.71,52.77,51.5,21053
374,2019-08-19,52.61,55.26,55.95,51.82,35630
375,2019-08-20,55.4,54.49,55.67,54.36,19725
376,2019-08-21,54.49,55.55,55.78,54.1,19171
377,2019-08-22,55.4,54.7,56.83,54.12,21189
378,2019-08-23,55.0,54.0,55.48,53.5,14267
379,2019-08-26,52.8,53.76,54.66,52.78,14220
380,2019-08-27,54.4,54.28,55.5,53.87,17706
381,2019-08-28,54.3,54.8,56.37,54.29,20655
382,2019-08-29,54.77,56.55,57.8,54.77,30009
383,2019-08-30,56.72,54.08,58.1,53.53,29163
384,2019-09-02,52.21,55.39,56.28,51.8,31066
385,2019-09-03,55.8,54.8,56.63,54.49,20790
386,2019-09-04,55.1,60.28,60.28,54.8,47991
387,2019-09-05,62.2,59.86,62.7,59.45,53109
388,2019-09-06,59.9,58.4,60.87,57.9,34756
389,2019-09-09,58.87,63.5,64.2,58.87,40985
390,2019-09-10,62.17,62.0,63.43,60.89,30852
391,2019-09-11,61.9,62.2,63.28,61.17,27531
392,2019-09-12,61.95,61.89,62.49,61.36,13796
393,2019-09-16,61.94,61.82,62.5,61.01,15492
394,2019-09-17,61.48,58.84,61.48,58.3,19731
395,2019-09-18,58.4,58.57,60.35,58.2,13110
396,2019-09-19,59.02,59.66,59.94,58.15,12684
397,2019-09-20,65.63,65.63,65.63,62.8,60573
398,2019-09-23,68.63,72.19,72.19,68.01,67298
399,2019-09-24,72.0,68.0,72.0,67.21,79078
400,2019-09-25,66.81,69.3,70.94,66.81,52860
401,2019-09-26,69.3,68.46,74.8,68.46,64962
402,2019-09-27,69.9,72.22,74.46,68.88,41266
403,2019-09-30,71.31,70.8,75.33,68.7,28915
404,2019-10-08,72.0,68.15,72.86,66.5,33908
405,2019-10-09,67.17,67.71,68.96,66.2,21002
406,2019-10-10,67.5,67.7,68.09,65.66,26763
407,2019-10-11,68.4,74.47,74.47,67.71,43057
408,2019-10-14,73.99,75.3,77.8,73.2,39794
409,2019-10-15,74.54,76.42,78.58,72.5,37276
410,2019-10-16,75.15,80.59,83.35,75.15,38877
411,2019-10-17,81.77,80.4,81.77,77.6,26837
412,2019-10-18,80.41,77.12,80.41,76.38,21123
413,2019-10-21,76.4,76.0,77.73,74.5,21888
414,2019-10-22,76.06,77.68,79.78,75.55,26699
415,2019-10-23,76.55,75.4,77.8,74.1,22223
416,2019-10-24,75.01,73.27,75.69,73.0,18688
417,2019-10-25,73.11,73.0,74.5,70.52,25120
418,2019-10-28,73.21,75.15,75.28,72.63,23581
419,2019-10-29,75.48,72.9,78.5,71.51,39737
420,2019-10-30,72.2,73.06,75.5,72.2,23551
421,2019-10-31,73.03,70.0,74.4,70.0,21958
422,2019-11-01,69.05,70.69,71.48,69.05,19121
423,2019-11-04,71.5,71.58,72.8,69.96,17777
424,2019-11-05,71.11,69.7,72.18,69.41,23125
425,2019-11-06,70.01,68.43,71.19,68.18,19501
426,2019-11-07,68.11,68.59,69.5,67.96,15947
427,2019-11-08,69.11,69.5,71.76,68.81,33468
428,2019-11-11,70.23,75.5,76.45,70.23,68299
429,2019-11-12,74.56,68.1,75.3,67.95,63565
430,2019-11-13,69.19,69.5,70.5,68.43,30611
431,2019-11-14,68.75,69.02,69.97,68.08,31679
432,2019-11-15,69.02,70.85,71.8,67.5,59796
433,2019-11-18,73.5,69.43,74.96,68.7,45323
434,2019-11-19,70.47,70.51,71.16,69.2,41507
435,2019-11-20,70.09,72.75,75.66,69.56,55506
436,2019-11-21,72.02,73.3,73.4,71.5,31087
437,2019-11-22,73.21,66.41,73.55,66.11,46162
438,2019-11-25,66.01,62.1,66.66,61.8,35568
439,2019-11-26,63.01,61.19,63.69,60.88,22298
440,2019-11-27,60.83,61.77,62.37,60.66,14880
441,2019-11-28,61.77,61.78,62.84,60.73,14348
442,2019-11-29,61.21,61.8,62.45,61.01,11515
443,2019-12-02,62.4,63.31,64.02,61.25,19397
444,2019-12-03,62.52,63.3,63.65,62.27,13347
445,2019-12-04,63.09,62.39,63.7,62.2,12329
446,2019-12-05,62.97,63.62,63.92,62.5,17056
447,2019-12-06,63.59,64.91,65.35,63.14,17036
448,2019-12-09,65.0,65.71,66.29,64.38,17707
449,2019-12-10,65.51,65.84,66.47,65.0,13250
450,2019-12-11,65.5,64.68,66.35,64.09,15536
451,2019-12-12,63.71,63.99,64.95,63.71,16395
452,2019-12-13,64.48,64.86,65.29,63.51,16450
453,2019-12-16,65.61,69.12,69.35,65.56,34124
454,2019-12-17,68.6,69.37,69.86,68.36,25708
455,2019-12-18,68.94,70.91,71.77,68.58,30599
456,2019-12-19,71.0,70.98,71.79,69.88,21124
457,2019-12-20,71.05,68.48,71.39,68.34,22835
458,2019-12-23,68.12,66.1,68.2,65.32,16713
459,2019-12-24,66.56,66.31,67.29,65.52,15219
460,2019-12-25,65.9,66.51,67.47,65.6,17669
461,2019-12-26,66.37,64.66,66.37,63.58,29591
462,2019-12-27,64.9,62.21,64.9,62.19,25183
463,2019-12-30,61.95,63.1,63.54,60.1,19864
464,2019-12-31,63.16,63.1,63.88,62.65,10540
465,2020-01-02,64.99,66.47,67.66,63.5,29642
466,2020-01-03,67.51,69.26,72.77,67.51,47726
467,2020-01-06,67.9,68.9,70.68,67.63,33498
468,2020-01-07,68.99,75.79,75.79,68.99,55642
469,2020-01-08,76.0,74.1,76.8,73.62,42117
470,2020-01-09,75.56,75.23,76.17,74.1,29302
471,2020-01-10,75.26,75.19,78.9,74.4,32783
472,2020-01-13,74.32,78.31,79.58,74.32,34647
473,2020-01-14,77.92,76.49,78.66,76.3,27667
474,2020-01-15,77.01,76.5,77.89,75.2,22471
475,2020-01-16,76.0,75.75,77.49,75.3,23706
476,2020-01-17,76.02,76.5,80.0,75.51,40187
477,2020-01-20,75.3,77.04,77.88,73.34,29251
478,2020-01-21,76.91,75.8,78.85,75.01,24746
479,2020-01-22,76.58,77.43,79.15,74.2,30796
480,2020-01-23,76.01,70.71,76.93,69.69,40857
481,2020-02-03,63.64,63.64,63.64,63.64,4183
482,2020-02-04,62.04,64.05,64.45,60.85,42657
483,2020-02-05,63.33,64.7,66.95,63.33,32893
484,2020-02-06,64.04,66.29,67.23,64.01,29172
485,2020-02-07,65.98,68.29,68.78,65.75,30960
486,2020-02-10,67.81,67.57,68.5,66.05,25861
487,2020-02-11,67.55,66.2,67.86,66.06,21028
488,2020-02-12,66.5,67.5,67.85,65.4,30815
489,2020-02-13,67.58,67.81,68.43,66.29,24871
490,2020-02-14,67.5,66.88,68.94,66.5,29673
491,2020-02-17,67.5,73.41,73.49,67.07,51927
492,2020-02-18,73.0,74.95,75.29,71.52,32855
493,2020-02-19,75.0,82.45,82.45,73.83,54927
494,2020-02-20,84.5,85.72,87.34,80.37,73577
495,2020-02-21,84.58,94.29,94.29,84.07,28516
496,2020-02-24,100.91,103.72,103.72,98.57,33044
497,2020-02-25,102.55,100.04,109.86,93.35,97302
498,2020-02-26,94.07,90.04,94.12,90.04,59955
499,2020-02-27,89.0,92.95,95.61,84.1,71533
500,2020-02-28,86.0,89.27,94.73,85.0,56202
501,2020-03-02,92.3,93.92,95.8,89.01,49648
502,2020-03-03,96.0,92.2,98.98,91.51,47026
503,2020-03-04,89.9,87.9,90.91,84.6,54976
504,2020-03-05,90.41,87.98,90.46,85.67,35856
505,2020-03-06,85.86,88.0,90.25,85.13,29764
506,2020-03-09,85.32,80.48,88.21,79.22,41189
507,2020-03-10,80.18,84.52,84.84,80.11,34114
508,2020-03-11,84.78,80.04,85.03,80.0,29706
509,2020-03-12,78.04,78.43,81.14,77.89,19522
510,2020-03-13,71.99,77.37,78.98,71.94,34576
511,2020-03-16,78.82,71.82,78.82,69.7,34796
512,2020-03-17,73.4,71.2,74.5,69.11,28750
513,2020-03-18,72.69,78.32,78.32,72.69,64607
514,2020-03-19,77.0,82.47,83.09,76.5,83594
515,2020-03-20,83.98,78.83,83.99,78.36,46986
516,2020-03-23,76.0,74.3,78.57,73.38,29398
517,2020-03-24,77.4,81.73,81.73,76.0,45604
518,2020-03-25,84.0,85.0,88.0,82.18,55648
519,2020-03-26,85.0,83.97,88.0,82.5,44374
520,2020-03-27,85.48,82.8,86.6,81.6,37509
521,2020-03-30,79.05,77.72,80.8,77.44,35362
522,2020-03-31,79.0,76.95,80.8,76.67,23833
523,2020-04-01,77.0,74.9,79.28,74.16,35235
524,2020-04-02,74.6,78.77,79.0,74.6,31488
525,2020-04-03,78.08,74.08,78.11,73.52,37380
526,2020-04-07,76.05,76.37,76.88,75.3,30252
527,2020-04-08,77.49,74.8,77.89,74.5,27714
528,2020-04-09,76.0,79.62,81.88,75.9,46356
529,2020-04-10,79.65,82.45,83.49,78.74,64524
530,2020-04-13,81.65,80.34,82.38,74.21,54396
531,2020-04-14,80.01,81.58,82.45,79.09,36778
532,2020-04-15,81.88,81.58,83.3,80.42,30800
533,2020-04-16,81.34,84.0,84.47,79.33,36345
534,2020-04-17,85.6,81.5,85.6,80.91,36987
535,2020-04-20,81.6,81.82,84.44,80.68,28053
536,2020-04-21,81.5,82.91,83.6,80.41,26066
537,2020-04-22,81.53,81.47,82.25,80.13,25568
538,2020-04-23,81.5,80.53,82.02,80.35,19715
539,2020-04-24,80.1,78.48,81.28,77.0,20186
540,2020-04-27,76.51,77.0,78.68,75.3,19112
541,2020-04-28,76.31,74.98,77.4,71.95,22322
542,2020-04-29,74.58,75.96,76.39,74.51,11023
543,2020-04-30,76.3,81.08,81.98,76.3,24918
544,2020-05-06,80.58,82.91,83.88,80.1,32142
545,2020-05-07,83.75,83.35,84.79,82.0,25393
546,2020-05-08,84.88,84.6,86.42,83.36,28455
547,2020-05-11,85.86,85.48,87.5,84.64,25278
548,2020-05-12,84.98,85.06,85.99,83.8,20605
549,2020-05-13,85.23,85.39,86.24,84.67,15395
550,2020-05-14,85.17,84.7,86.95,84.5,21124
551,2020-05-15,85.43,85.72,86.87,84.01,21100
552,2020-05-18,87.0,89.58,93.84,84.88,47626
553,2020-05-19,91.2,98.54,98.54,90.13,51880
554,2020-05-20,99.97,93.9,100.88,91.98,51802
555,2020-05-21,93.05,87.9,94.72,87.5,37183
556,2020-05-22,55.0,52.24,56.2,52.01,50427
557,2020-05-25,52.12,53.24,54.4,51.11,40544
558,2020-05-26,52.55,55.44,56.73,52.4,50041
559,2020-05-27,55.11,53.55,55.87,53.33,26474
560,2020-05-28,53.94,55.03,55.71,53.11,39806
561,2020-05-29,56.08,56.37,57.47,55.0,45402
562,2020-06-01,56.41,58.9,59.29,55.66,56379
563,2020-06-02,58.9,58.8,59.17,57.8,32994
564,2020-06-03,59.3,59.1,60.6,58.0,41644
565,2020-06-04,59.31,60.9,61.77,58.8,35114
566,2020-06-05,61.0,60.92,62.23,59.73,30336
567,2020-06-08,60.93,58.5,61.55,58.25,42874
568,2020-06-09,59.08,57.95,59.5,57.52,40082
569,2020-06-10,58.19,59.57,61.48,57.3,48006
570,2020-06-11,59.03,59.92,60.67,58.92,36497
571,2020-06-12,58.05,59.92,61.0,57.9,33475
572,2020-06-15,59.55,61.78,64.81,59.55,57770
573,2020-06-16,62.02,61.34,63.49,60.6,56591
574,2020-06-17,61.57,60.4,62.5,59.4,41493
575,2020-06-18,60.4,66.44,66.44,60.11,96068
576,2020-06-19,67.0,67.09,67.98,65.0,81215
577,2020-06-22,67.0,69.21,70.38,66.46,62054
578,2020-06-23,70.02,76.13,76.13,68.85,69057
579,2020-06-24,77.3,81.47,82.68,76.13,81721
580,2020-06-29,81.0,77.9,81.0,75.58,80504
581,2020-06-30,78.02,80.5,81.4,77.6,48269
582,2020-07-01,81.0,84.16,85.9,80.0,64360
583,2020-07-02,84.16,79.65,86.58,79.0,74320
584,2020-07-03,80.5,81.86,83.3,79.2,56500
585,2020-07-06,80.64,80.05,84.2,79.35,77722
586,2020-07-07,79.73,82.11,84.81,78.6,77074
587,2020-07-08,81.45,83.71,85.44,79.97,67234
588,2020-07-09,82.5,87.3,90.32,82.4,92112
589,2020-07-10,85.58,82.44,86.5,82.19,88753
590,2020-07-13,82.44,85.5,85.65,82.4,62286
591,2020-07-14,85.25,81.4,87.6,79.63,69321
592,2020-07-15,82.79,82.22,84.4,80.23,67618
593,2020-07-16,83.01,74.0,85.8,74.0,92059
594,2020-07-17,72.46,69.66,75.67,68.79,93402
595,2020-07-20,71.15,70.36,71.69,68.0,70607
596,2020-07-21,70.18,70.4,71.4,69.3,40957
597,2020-07-22,70.5,70.99,71.92,69.6,51709
598,2020-07-23,70.23,70.34,71.78,67.39,52439
599,2020-07-24,69.89,66.15,71.71,66.0,50704
600,2020-07-27,66.3,65.97,67.3,65.04,36671
601,2020-07-28,66.9,66.08,67.33,65.31,26489
602,2020-07-29,66.6,68.04,68.44,65.77,44484
603,2020-07-30,68.3,65.35,68.5,65.08,45358
604,2020-07-31,66.0,67.48,69.92,65.01,65195
605,2020-08-03,67.57,68.3,68.74,65.89,76134
606,2020-08-04,68.25,65.66,68.25,65.2,62159
607,2020-08-05,71.9,69.6,71.9,67.67,109166
608,2020-08-06,68.49,68.17,69.6,65.66,91063
609,2020-08-07,67.0,64.08,68.0,62.0,78946
610,2020-08-10,63.9,64.32,65.08,62.0,61980
611,2020-08-11,63.93,61.4,64.7,61.37,46641
612,2020-08-12,61.45,59.95,61.5,58.66,40444
613,2020-08-13,60.41,60.38,60.8,59.59,21826
614,2020-08-14,60.42,61.22,61.26,60.01,23813
615,2020-08-17,62.29,65.63,65.67,61.9,65810
616,2020-08-18,72.19,72.19,72.19,72.19,30310
617,2020-08-19,74.0,69.0,74.89,69.0,127222
618,2020-08-20,68.03,70.02,71.3,68.03,72371
619,2020-08-21,71.0,69.27,71.2,68.5,49743
620,2020-08-24,69.2,69.04,71.71,68.73,59025
621,2020-08-25,68.36,71.26,71.53,67.5,71677
622,2020-08-26,70.82,70.0,73.48,69.78,61905
623,2020-08-27,70.63,76.5,77.5,70.19,93995
624,2020-08-28,75.58,75.7,77.35,73.58,58071
625,2020-08-31,77.0,77.11,78.8,75.31,60541
626,2020-09-01,76.0,76.7,77.2,74.1,41127
627,2020-09-02,76.8,77.5,78.78,76.4,50948
628,2020-09-03,77.62,76.53,77.84,74.4,47022
629,2020-09-04,74.5,75.57,78.0,74.26,39902
630,2020-09-07,76.5,71.41,77.3,70.86,52759
631,2020-09-08,71.4,69.19,72.95,68.8,54189
632,2020-09-09,68.24,64.7,68.99,64.26,57984
633,2020-09-10,65.48,63.8,67.0,63.62,40194
634,2020-09-11,64.45,66.96,67.8,63.83,42080
635,2020-09-14,67.0,68.54,69.8,66.75,41721
636,2020-09-15,68.51,69.1,70.26,67.02,36523
637,2020-09-16,69.0,68.55,69.24,67.72,23782
638,2020-09-17,68.54,67.87,69.19,66.98,28863
639,2020-09-18,67.96,69.24,70.5,67.86,35576
640,2020-09-21,69.6,69.7,70.48,68.5,29034
641,2020-09-22,68.52,67.91,70.5,67.79,25538
642,2020-09-23,67.84,70.08,70.68,67.26,31382
643,2020-09-24,70.13,67.03,70.13,66.68,36710
644,2020-09-25,67.56,67.76,68.7,67.31,23728
645,2020-09-28,67.9,66.59,68.34,66.23,17904
646,2020-09-29,67.06,66.95,67.79,66.01,23336
647,2020-09-30,66.95,67.7,68.32,66.78,19740
648,2020-10-09,68.87,69.25,70.34,68.2,30683
649,2020-10-12,69.22,72.97,72.97,69.04,38294
650,2020-10-13,72.0,72.58,72.81,71.2,22842
651,2020-10-14,72.58,72.96,73.36,71.2,27562
652,2020-10-15,72.39,71.98,73.33,71.39,29191
653,2020-10-16,71.96,71.71,72.26,70.0,22410
654,2020-10-19,72.59,69.88,72.59,69.78,20602
655,2020-10-20,70.61,70.58,70.89,69.5,17301
656,2020-10-21,70.96,68.46,71.0,68.18,23187
657,2020-10-22,68.81,68.37,69.17,67.47,17527
658,2020-10-23,68.5,66.13,68.95,66.06,20592
659,2020-10-26,65.93,66.28,66.4,64.87,15186
660,2020-10-27,67.01,65.28,67.01,64.68,20284
661,2020-10-28,65.7,64.73,65.7,63.28,22531
662,2020-10-29,64.2,64.77,65.1,63.28,22699
663,2020-10-30,63.71,62.47,63.8,60.67,45426
664,2020-11-02,63.97,66.2,67.74,62.66,63384
665,2020-11-03,66.26,67.72,67.77,65.41,32806
666,2020-11-04,67.13,64.58,67.29,64.18,29160
667,2020-11-05,65.58,64.91,66.0,63.87,26871
668,2020-11-06,65.11,64.1,65.92,63.52,23709
669,2020-11-09,64.7,65.65,66.39,63.32,36045
670,2020-11-10,65.71,63.6,65.77,63.4,26925
671,2020-11-11,63.13,59.5,63.41,59.37,44224
672,2020-11-12,60.01,59.61,60.5,58.38,27779
673,2020-11-13,59.03,59.51,59.95,58.14,20363
674,2020-11-16,59.58,59.4,59.95,58.65,18358
675,2020-11-17,59.36,57.66,59.36,56.44,27404
676,2020-11-18,57.88,57.65,58.75,57.2,16490
677,2020-11-19,57.63,58.39,58.61,56.6,17426
678,2020-11-20,58.3,58.55,58.71,57.4,18544
679,2020-11-23,58.7,59.8,60.2,57.6,26997
680,2020-11-24,59.12,58.87,59.74,58.5,15815
681,2020-11-25,58.87,58.85,59.41,57.85,15546
682,2020-11-26,58.3,56.99,58.99,56.65,17924
683,2020-11-27,56.93,57.08,57.8,55.8,14671
684,2020-11-30,56.81,56.4,57.48,56.16,14523
685,2020-12-01,56.36,57.5,57.73,56.32,14195
686,2020-12-02,57.82,58.51,59.3,57.82,18917
687,2020-12-03,58.83,58.68,59.5,58.06,15856
688,2020-12-04,58.68,58.7,59.1,58.2,10581
689,2020-12-07,58.05,60.59,61.98,58.04,30129
690,2020-12-08,60.59,60.08,61.0,59.71,16645
691,2020-12-09,59.9,58.68,61.89,58.64,18505
692,2020-12-10,58.68,59.33,60.21,58.5,17588
693,2020-12-11,60.12,62.21,63.35,59.4,51618
694,2020-12-14,62.0,62.75,63.88,61.23,31401
695,2020-12-15,62.5,61.78,63.0,61.53,18400
696,2020-12-16,61.53,62.1,62.68,60.0,20935
697,2020-12-17,62.11,61.3,62.72,60.7,17835
698,2020-12-18,61.0,60.34,61.3,59.71,18348
699,2020-12-21,59.81,60.92,61.21,59.75,14303
700,2020-12-22,60.82,51.97,60.82,51.37,89204
701,2020-12-23,51.68,52.04,53.25,50.24,38835
702,2020-12-24,52.38,50.33,52.38,50.13,28138
703,2020-12-25,50.0,50.75,51.88,49.52,18611
704,2020-12-28,50.98,49.38,50.98,48.8,25173
705,2020-12-29,48.97,52.36,53.5,48.97,37866
706,2020-12-30,52.8,54.11,54.42,51.86,27558
707,2020-12-31,54.3,55.39,56.2,54.09,22290
708,2021-01-04,55.06,55.45,56.88,54.31,25928
709,2021-01-05,54.5,55.59,56.1,54.48,20933
710,2021-01-06,61.15,58.54,63.6,57.0,60726
711,2021-01-07,57.02,55.2,57.11,53.91,45606
712,2021-01-08,54.1,55.71,57.3,53.46,32522
713,2021-01-11,55.68,54.18,57.25,53.97,26321
714,2021-01-12,54.18,54.23,55.5,52.81,21750
715,2021-01-13,54.31,53.09,54.8,52.12,26250
716,2021-01-14,52.81,56.89,58.69,52.63,43636
717,2021-01-15,56.4,57.67,59.47,55.9,40221
718,2021-01-18,57.73,59.13,60.48,56.77,44135
719,2021-01-19,58.4,58.58,60.44,58.01,29829
720,2021-01-20,59.29,58.28,59.7,57.88,21953
721,2021-01-21,57.65,58.2,59.3,57.39,24046
722,2021-01-22,58.19,57.8,59.23,57.0,20988
723,2021-01-25,57.04,56.24,57.8,56.0,27778
724,2021-01-26,55.65,57.5,59.2,55.65,30188
725,2021-01-27,55.55,55.35,56.75,53.11,49378
726,2021-01-28,55.3,54.98,59.0,54.67,35198
727,2021-01-29,55.79,54.62,56.15,54.02,26470
728,2021-02-01,54.33,54.04,55.78,53.5,21874
729,2021-02-02,54.33,53.37,54.93,51.9,27632
730,2021-02-03,53.01,51.39,53.5,51.19,19619
731,2021-02-04,51.35,49.21,51.65,48.66,25468
732,2021-02-05,49.68,47.75,50.45,47.75,21121
733,2021-02-08,47.83,47.13,48.36,47.0,14332
734,2021-02-09,47.43,48.3,48.7,46.49,19832
735,2021-02-10,48.1,49.75,49.75,47.81,16492
736,2021-02-18,50.33,50.75,52.18,50.06,21865
737,2021-02-19,51.0,51.06,51.39,49.75,16930
738,2021-02-22,51.01,50.08,51.66,50.08,21203
739,2021-02-23,50.0,48.86,50.0,48.73,15448
740,2021-02-24,48.8,49.05,49.98,48.75,14499
741,2021-02-25,49.11,47.64,49.56,47.6,19368
742,2021-02-26,46.49,46.98,47.98,46.49,17671
743,2021-03-01,47.15,48.73,49.22,47.15,22701
744,2021-03-02,49.2,47.8,49.37,47.56,16709
745,2021-03-03,47.68,48.29,48.69,47.63,14414
746,2021-03-04,47.97,46.68,48.19,46.6,19751
747,2021-03-05,46.79,47.53,47.6,46.56,15090
748,2021-03-08,47.65,47.26,48.8,47.22,17706
749,2021-03-09,47.41,44.47,47.41,44.01,23267
750,2021-03-10,44.98,43.0,45.46,42.95,19256
751,2021-03-11,43.31,43.72,43.79,42.67,12421
752,2021-03-12,43.87,43.06,43.98,42.71,11450
753,2021-03-15,41.63,40.74,41.63,39.33,36378
754,2021-03-16,40.85,41.41,41.96,40.26,23265
755,2021-03-17,41.12,41.59,41.73,40.51,10768
756,2021-03-18,41.6,41.36,41.93,41.15,9065
757,2021-03-19,41.46,41.64,42.81,40.37,17692
758,2021-03-22,41.72,42.63,42.88,41.64,14365
759,2021-03-23,42.5,42.21,43.18,41.74,15687
760,2021-03-24,41.67,41.3,42.38,41.1,11837
761,2021-03-25,41.16,42.04,42.45,40.99,11576
762,2021-03-26,41.82,42.49,42.6,41.67,10783
763,2021-03-29,42.49,42.3,43.24,41.9,10869
764,2021-03-30,42.44,41.44,42.45,41.38,10831
765,2021-03-31,41.31,41.51,42.07,40.95,11060
766,2021-04-01,41.9,42.33,42.45,41.5,9784
767,2021-04-02,42.46,42.32,43.14,42.0,15800
768,2021-04-06,42.6,43.3,43.44,42.6,14981
769,2021-04-07,43.1,42.58,43.3,42.25,13572
770,2021-04-08,42.56,42.63,42.89,42.16,10195
771,2021-04-09,42.85,41.97,42.9,41.66,9967
772,2021-04-12,43.74,43.7,45.98,43.4,45599
773,2021-04-13,43.12,42.25,43.2,41.9,22835
774,2021-04-14,41.95,42.62,42.75,41.95,12910
775,2021-04-15,42.87,41.95,42.87,41.67,11633
776,2021-04-16,41.0,40.8,41.0,39.68,27292
777,2021-04-19,40.62,42.1,42.26,40.52,18544
778,2021-04-20,42.95,42.71,44.1,41.77,23099
779,2021-04-21,42.63,43.18,44.05,42.41,17678
780,2021-04-22,43.07,43.1,43.85,42.8,15258
781,2021-04-23,42.81,42.76,43.47,42.31,12964
782,2021-04-26,42.6,41.9,42.86,41.85,13057
783,2021-04-27,41.8,40.9,41.89,40.32,14454
784,2021-04-28,40.94,40.16,41.19,40.03,11469
785,2021-04-29,40.16,40.24,40.84,40.0,11679
786,2021-04-30,40.29,40.86,40.97,39.93,15467
787,2021-05-06,40.8,39.72,40.8,39.72,16696
788,2021-05-07,39.71,38.5,39.99,38.42,15495
789,2021-05-10,39.0,37.92,39.0,37.8,14030
790,2021-05-11,37.8,38.78,39.0,37.6,11213
791,2021-05-12,38.98,42.33,44.0,38.1,42802
792,2021-05-13,41.18,43.33,44.0,41.18,38465
793,2021-05-14,44.16,43.18,44.16,42.54,30340
794,2021-05-17,43.0,44.26,44.98,42.75,33157
795,2021-05-18,44.0,44.88,45.3,43.56,28010
796,2021-05-19,44.88,44.53,45.0,44.03,14772
797,2021-05-20,44.4,44.01,44.58,43.77,15890
798,2021-05-21,43.66,43.72,44.5,43.58,15123
799,2021-05-24,44.27,47.45,48.11,43.81,52439
800,2021-05-25,48.0,50.66,51.5,47.0,63773
801,2021-05-26,50.0,49.12,51.6,48.9,48846
802,2021-05-27,48.9,48.21,49.46,48.04,35915
803,2021-05-28,48.0,49.37,49.79,47.44,40553
804,2021-05-31,51.0,49.46,52.37,49.42,43179
805,2021-06-01,48.7,52.6,53.3,48.11,59018
806,2021-06-02,52.35,50.13,52.35,49.77,36771
807,2021-06-03,50.72,51.0,52.0,49.1,39559
808,2021-06-04,50.52,49.66,50.59,49.4,29306
809,2021-06-07,50.99,57.48,58.58,50.98,94986
810,2021-06-08,58.91,60.64,66.42,58.1,131490
811,2021-06-09,59.0,60.71,62.28,57.69,85774
812,2021-06-10,60.22,72.85,72.85,59.1,156428
813,2021-06-11,74.26,75.14,84.92,72.5,222629
814,2021-06-15,69.21,64.55,71.88,63.45,186624
815,2021-06-16,63.0,63.0,66.53,62.18,126171
816,2021-06-17,62.68,66.9,67.66,59.63,162561
817,2021-06-18,65.0,66.1,70.18,63.55,127431
818,2021-06-21,66.35,68.21,71.89,66.2,111412
819,2021-06-22,67.91,63.12,67.91,62.17,116685
820,2021-06-23,61.1,61.99,62.89,60.33,90502
821,2021-06-24,61.31,61.5,63.28,60.33,69537
822,2021-06-25,62.19,58.51,62.49,58.45,90211
823,2021-06-28,58.51,59.8,60.46,58.5,53451
824,2021-06-29,59.45,57.88,60.88,57.48,55356
825,2021-06-30,58.14,58.58,59.09,57.59,43302
826,2021-07-01,58.68,56.2,58.93,55.68,61572
827,2021-07-02,55.76,55.7,57.19,55.1,47238
828,2021-07-05,55.97,56.36,57.03,55.65,34599
829,2021-07-06,56.41,58.8,60.88,56.05,88491
830,2021-07-07,57.4,56.38,57.4,54.14,67265
831,2021-07-08,56.25,55.68,57.84,55.08,43848
832,2021-07-09,55.03,54.87,56.9,53.6,49850
833,2021-07-12,54.87,58.0,58.77,54.18,66497
834,2021-07-13,58.13,57.62,59.09,56.92,41420
835,2021-07-14,57.5,57.75,58.68,55.64,55520
836,2021-07-15,58.88,56.83,59.0,56.3,54453
837,2021-07-16,56.0,53.9,56.44,53.69,58086
838,2021-07-19,53.83,54.01,55.24,53.11,31529
839,2021-07-20,53.34,53.43,53.97,51.46,40534
840,2021-07-21,53.42,54.4,55.55,52.77,48874
841,2021-07-22,54.4,53.69,54.4,53.32,33277
842,2021-07-23,54.08,51.99,55.99,51.85,49962
843,2021-07-26,51.2,49.67,51.5,47.2,58808
844,2021-07-27,50.39,50.65,52.8,49.7,49924
845,2021-07-28,50.08,48.88,50.89,48.28,34054
846,2021-07-29,49.25,50.59,50.82,49.25,27280
847,2021-07-30,50.12,51.11,53.02,50.12,38011
848,2021-08-02,50.49,52.02,52.17,49.51,35416
849,2021-08-03,52.06,52.0,53.88,51.28,38197
850,2021-08-04,52.33,52.11,52.35,51.3,28763
851,2021-08-05,51.9,50.36,51.9,49.92,33123
852,2021-08-06,50.34,49.73,50.76,49.27,29862
853,2021-08-09,49.73,50.2,50.56,49.31,21575
854,2021-08-10,49.99,50.06,50.46,49.53,23805
855,2021-08-11,50.08,49.28,50.24,48.91,25607
856,2021-08-12,49.02,48.05,50.67,48.0,41302
857,2021-08-13,48.21,46.59,48.26,46.54,34799
858,2021-08-16,46.36,46.63,47.36,46.06,24365
859,2021-08-17,46.99,44.6,47.0,44.28,36564
860,2021-08-18,44.54,45.01,45.37,44.17,20234
861,2021-08-19,44.91,45.28,46.19,44.76,23157
862,2021-08-20,45.29,44.76,45.34,43.85,20027
863,2021-08-23,45.0,45.16,45.59,44.87,19671
864,2021-08-24,45.19,44.99,45.45,44.37,17668
865,2021-08-25,45.49,44.34,45.49,43.99,20920
866,2021-08-26,44.04,44.08,44.85,43.73,19137
867,2021-08-27,41.49,40.83,41.6,38.89,61202
868,2021-08-30,41.52,43.97,44.68,41.52,54822
869,2021-08-31,43.88,43.7,43.95,42.68,27194
870,2021-09-01,43.55,42.8,43.6,42.07,17963
871,2021-09-02,42.5,44.26,44.79,42.16,22467
872,2021-09-03,44.23,45.22,46.5,44.0,33492
873,2021-09-06,44.96,46.72,47.0,43.61,38483
874,2021-09-07,47.08,49.15,51.83,47.08,68890
875,2021-09-08,50.6,57.5,58.8,50.6,129686
876,2021-09-09,53.72,51.19,54.43,50.0,93520
877,2021-09-10,51.2,48.27,51.99,48.13,64923
878,2021-09-13,48.67,50.9,52.8,47.54,67906
879,2021-09-14,50.3,51.7,53.6,50.0,75752
880,2021-09-15,51.0,50.18,51.5,49.63,41638
881,2021-09-16,50.06,49.98,52.0,49.15,38250
882,2021-09-17,50.42,48.43,50.5,47.99,28573
883,2021-09-22,47.56,47.44,48.17,46.85,20611
884,2021-09-23,47.64,48.23,49.86,47.5,32611
885,2021-09-24,48.24,50.35,51.78,48.24,45793
886,2021-09-27,50.9,49.51,52.38,49.0,37868
887,2021-09-28,48.5,49.81,50.3,48.15,21913
888,2021-09-29,49.42,48.1,50.27,48.1,18911
889,2021-09-30,48.39,50.98,51.45,48.38,29519
890,2021-10-08,51.55,50.86,52.0,50.35,22334
891,2021-10-11,49.98,50.49,51.51,49.26,20538
892,2021-10-12,50.49,46.02,50.49,44.7,46902
893,2021-10-13,46.05,45.13,46.5,44.18,20037
894,2021-10-14,44.83,44.78,45.45,44.39,12317
895,2021-10-15,44.74,43.92,45.3,43.6,18146
896,2021-10-18,43.92,44.04,44.04,42.63,16421
897,2021-10-19,43.78,45.02,45.5,43.77,18633
898,2021-10-20,45.48,44.67,46.28,44.5,17053
899,2021-10-21,45.2,43.6,45.2,43.25,18397
900,2021-10-22,43.81,44.48,45.04,43.18,22035
901,2021-10-25,44.28,43.8,44.44,43.22,15077
902,2021-10-26,43.34,42.69,44.28,42.48,18244
903,2021-10-27,42.7,41.88,42.98,41.19,16566
904,2021-10-28,41.01,41.04,43.0,40.91,18305
905,2021-10-29,38.6,42.28,42.93,38.6,25266
906,2021-11-01,42.06,43.37,44.41,42.06,23501
907,2021-11-02,43.25,42.38,43.73,42.1,16190
908,2021-11-03,42.25,43.94,44.63,42.25,22451
909,2021-11-04,43.65,45.2,45.2,43.65,31045
910,2021-11-05,44.8,46.94,48.14,44.5,63335
911,2021-11-08,46.2,46.06,46.93,44.8,46078
912,2021-11-09,45.4,45.35,46.5,44.75,29571
913,2021-11-10,46.08,47.5,48.28,45.58,62242
914,2021-11-11,47.39,47.44,48.51,45.47,68740
915,2021-11-12,46.68,48.28,49.39,46.07,69587
916,2021-11-15,48.01,52.3,52.5,47.22,112945
917,2021-11-16,52.33,51.08,53.8,50.45,92043
918,2021-11-17,50.0,49.77,50.99,49.56,59558
919,2021-11-18,49.18,46.12,50.0,45.88,79815
920,2021-11-19,45.8,46.47,47.3,45.6,50918
921,2021-11-22,46.9,46.94,47.28,45.8,38120
922,2021-11-23,46.3,46.3,47.4,45.05,54396
923,2021-11-24,46.18,48.01,48.2,45.89,68462
924,2021-11-25,47.4,46.45,48.4,46.3,51073
925,2021-11-26,45.9,44.66,46.15,44.38,50777
926,2021-11-29,44.1,43.63,44.85,43.42,37627
927,2021-11-30,43.96,43.51,44.9,42.97,33660
928,2021-12-01,43.81,44.25,44.58,43.56,29383
929,2021-12-02,44.0,42.91,44.26,42.89,25473
930,2021-12-03,42.89,42.8,43.49,42.68,18293
931,2021-12-06,42.8,42.16,43.25,42.12,24421
932,2021-12-07,42.53,42.11,42.8,41.66,20785
933,2021-12-08,42.11,43.3,43.54,41.9,23351
934,2021-12-09,43.16,43.66,44.18,43.0,25482
935,2021-12-10,43.69,43.19,44.28,42.88,44838
936,2021-12-13,45.08,49.25,51.23,44.31,148068
937,2021-12-14,48.2,47.64,49.4,47.0,113551
938,2021-12-15,47.8,48.12,49.56,47.12,82139
939,2021-12-16,47.3,52.49,55.19,47.26,166716
940,2021-12-17,52.47,50.3,53.0,49.99,94082
941,2021-12-20,48.99,47.8,50.0,47.5,70848
942,2021-12-21,47.8,48.33,48.89,47.01,57989
943,2021-12-22,48.25,49.49,50.49,47.85,76197
944,2021-12-23,49.43,48.89,50.78,48.69,69134
945,2021-12-24,49.8,50.01,51.0,49.16,77210
946,2021-12-27,50.45,53.52,54.17,49.18,135143
947,2021-12-28,52.68,53.76,56.0,52.0,123411
948,2021-12-29,55.1,54.6,58.71,54.46,141177
949,2021-12-30,55.0,57.5,58.6,54.01,116820
950,2021-12-31,58.09,55.11,58.87,54.44,98238
951,2022-01-04,57.31,61.45,65.0,57.0,158398
952,2022-01-05,60.8,58.83,64.67,58.38,158044
953,2022-01-06,60.64,60.62,62.0,58.45,117241
954,2022-01-07,61.0,53.9,61.36,53.23,132369
955,2022-01-10,53.91,53.85,55.08,51.38,76431
956,2022-01-11,53.42,52.47,54.0,51.56,60683
957,2022-01-12,52.0,51.61,53.2,51.2,66066
958,2022-01-13,51.82,50.79,52.02,50.41,54887
959,2022-01-14,49.8,50.96,52.2,49.73,72732
960,2022-01-17,52.59,53.7,53.96,51.79,97772
961,2022-01-18,55.23,51.6,55.23,51.2,97209
962,2022-01-19,50.98,53.16,55.0,50.51,104207
963,2022-01-20,52.5,50.42,52.69,50.18,82868
964,2022-01-21,50.1,48.47,51.48,48.31,65494
965,2022-01-24,48.1,48.25,49.31,47.85,40870
966,2022-01-25,47.9,44.37,48.42,44.31,71881
967,2022-01-26,44.45,44.1,45.31,43.23,42595
968,2022-01-27,43.97,41.88,44.6,41.88,49625
969,2022-01-28,42.6,41.35,43.19,41.35,43587
970,2022-02-07,41.89,40.99,41.89,40.31,46075
971,2022-02-08,40.79,41.03,41.3,40.01,37454
972,2022-02-09,41.04,42.06,42.1,40.71,49983
973,2022-02-10,42.0,41.39,42.06,40.99,39631
974,2022-02-11,41.36,39.79,41.6,39.54,46233
975,2022-02-14,39.88,39.69,40.31,39.08,26701
976,2022-02-15,39.6,39.95,40.29,39.29,22966
977,2022-02-16,40.12,40.48,41.26,39.75,44841
978,2022-02-17,40.02,39.78,40.3,39.6,31719
979,2022-02-18,39.6,40.18,40.29,39.39,24408
980,2022-02-21,40.03,40.75,41.3,40.0,33259
981,2022-02-22,40.75,39.49,40.75,39.28,29560
982,2022-02-23,39.75,40.51,40.66,39.6,28852
983,2022-02-24,40.2,38.35,40.37,37.12,52961
984,2022-02-25,38.83,38.75,39.66,38.7,28205
985,2022-02-28,38.8,39.1,39.18,38.16,17582
986,2022-03-01,39.11,39.25,39.57,38.85,15928
987,2022-03-02,39.29,39.11,39.62,38.92,18117
988,2022-03-03,39.2,38.12,39.4,37.94,27564
989,2022-03-04,37.83,38.37,39.0,37.7,28617
990,2022-03-07,37.94,36.79,38.31,36.58,30087
991,2022-03-08,36.66,35.4,37.2,35.09,26782
992,2022-03-09,35.59,34.97,35.69,32.99,27885
993,2022-03-10,35.77,35.81,36.47,35.73,20724
994,2022-03-11,35.45,36.51,36.8,35.06,23270
995,2022-03-14,40.0,42.04,43.81,39.18,154946
996,2022-03-15,40.38,38.26,41.0,38.1,109450
997,2022-03-16,39.0,39.33,39.44,36.77,78624
998,2022-03-17,39.59,39.63,40.87,39.2,72342
999,2022-03-18,39.0,38.78,39.63,38.45,41265
1000,2022-03-21,38.51,39.43,40.19,38.4,45926
1001,2022-03-22,40.1,41.24,43.36,40.1,87665
1002,2022-03-23,40.62,40.66,41.99,40.34,53466
1003,2022-03-24,40.01,39.79,40.5,39.16,40578
1004,2022-03-25,39.61,40.61,40.8,39.61,44436
1005,2022-03-28,41.3,42.39,43.68,41.16,96878
1006,2022-03-29,42.0,43.62,44.64,41.17,89380
1007,2022-03-30,43.79,42.82,43.79,42.21,55451
1008,2022-03-31,42.82,41.47,43.18,41.35,47385
1009,2022-04-01,41.0,42.18,42.91,40.62,46774
1010,2022-04-06,41.79,40.72,42.49,40.66,42821
1011,2022-04-07,40.75,39.36,41.79,39.36,40763
1012,2022-04-08,39.0,37.19,39.33,36.33,56533
1013,2022-04-11,36.83,35.59,37.11,35.26,30802
1014,2022-04-12,35.65,35.84,36.24,35.0,20912
1015,2022-04-13,35.8,33.96,35.8,33.81,28988
1016,2022-04-14,34.31,34.35,34.95,34.03,20392
1017,2022-04-15,33.92,33.6,34.44,33.25,20519
1018,2022-04-18,33.47,34.18,34.34,32.67,18234
1019,2022-04-19,34.18,34.08,34.43,33.6,18446
1020,2022-04-20,33.9,33.17,34.4,33.06,18765
1021,2022-04-21,32.77,31.21,33.16,31.1,31316
1022,2022-04-22,31.6,30.41,31.85,30.2,20027
1023,2022-04-25,29.77,27.24,29.78,27.24,32887
1024,2022-04-26,27.64,26.05,27.81,25.84,23555
1025,2022-04-27,25.6,27.13,27.2,25.28,24869
1026,2022-04-28,27.12,26.7,27.26,26.22,19989
1027,2022-04-29,26.99,27.9,28.21,26.88,27855
1028,2022-05-05,27.77,28.82,29.22,27.54,24339
1029,2022-05-06,28.04,30.06,32.32,27.73,40110
1030,2022-05-09,29.9,29.33,30.32,29.21,22861
1031,2022-05-10,28.79,29.49,29.79,28.56,17174
1032,2022-05-11,29.4,29.47,30.26,29.18,24657
1033,2022-05-12,29.12,29.7,30.06,29.06,14998
1034,2022-05-13,29.98,29.58,30.15,29.29,13889
1035,2022-05-16,30.0,29.83,30.21,29.31,17276
1036,2022-05-17,29.8,29.63,30.3,29.0,17276
1037,2022-05-18,29.67,29.81,30.55,29.67,20223
1038,2022-05-19,29.0,29.68,29.72,28.98,16236
1039,2022-05-20,30.11,29.85,30.27,29.33,16384
1040,2022-05-23,30.41,30.46,30.65,30.05,20085
1041,2022-05-24,30.46,28.37,30.5,28.33,26547
1042,2022-05-25,28.67,29.5,29.76,28.4,23229
1043,2022-05-26,29.54,29.92,30.07,28.9,24526
1044,2022-05-27,30.28,29.3,30.44,29.02,22847
1045,2022-05-30,29.43,29.03,29.53,28.73,17001
1046,2022-05-31,29.05,29.49,29.52,28.35,25046
1047,2022-06-01,29.46,29.51,30.11,29.28,23946
1048,2022-06-02,29.94,30.51,30.67,29.02,34866
1049,2022-06-06,30.57,31.01,31.1,30.22,27488
1050,2022-06-07,31.1,30.44,31.1,30.11,24927
1051,2022-06-08,30.89,30.85,31.55,30.21,32559
1052,2022-06-09,30.66,29.88,30.7,29.71,22614
1053,2022-06-10,29.6,30.0,30.31,29.6,24447
1054,2022-06-13,29.62,30.1,30.41,29.53,15830
1055,2022-06-14,30.0,29.53,30.0,28.5,26564
1056,2022-06-15,29.67,30.17,30.88,29.6,34502
1057,2022-06-16,30.66,31.88,32.55,30.33,68880
1058,2022-06-17,31.18,30.9,31.76,30.72,43449
1059,2022-06-20,30.9,30.99,31.43,30.68,27380
1060,2022-06-21,31.0,31.63,31.85,30.85,33447
1061,2022-06-22,31.63,30.37,31.69,30.35,28776
1062,2022-06-23,30.38,30.5,30.86,29.93,18040
1063,2022-06-24,30.79,30.7,31.44,30.52,22856
1064,2022-06-27,31.35,31.4,32.1,31.18,35783
1065,2022-06-28,31.56,32.7,32.71,30.94,39291
1066,2022-06-29,32.7,31.78,32.8,31.71,35249
1067,2022-06-30,32.03,31.99,32.28,31.86,20963
1068,2022-07-01,32.21,32.01,32.7,31.63,21762
1069,2022-07-04,32.01,31.99,32.42,31.39,17002
1070,2022-07-05,31.9,31.42,32.38,30.95,20944
1071,2022-07-06,31.66,31.24,31.66,30.91,15413
1072,2022-07-07,31.27,31.1,31.59,30.98,16020
1073,2022-07-08,31.28,31.96,32.86,31.15,37155
1074,2022-07-11,32.01,30.62,32.15,30.44,27384
1075,2022-07-12,30.53,29.1,30.67,29.0,25592
1076,2022-07-13,29.02,30.0,30.46,29.02,22133
1077,2022-07-14,30.22,29.81,30.36,29.74,16066
1078,2022-07-15,29.8,29.03,29.8,29.02,17649
1079,2022-07-18,29.12,29.63,29.78,29.11,13827
1080,2022-07-19,29.82,32.04,32.42,29.56,62717
1081,2022-07-20,32.2,31.93,32.28,31.53,33754
1082,2022-07-21,31.98,32.06,32.53,31.75,27585
1083,2022-07-22,31.96,31.55,32.46,31.21,22402
1084,2022-07-25,31.72,30.9,32.08,30.76,16253
1085,2022-07-26,31.05,31.4,31.43,30.75,17712
1086,2022-07-27,31.4,31.56,31.79,31.14,16021
1087,2022-07-28,31.9,31.72,32.21,31.5,17345
1088,2022-07-29,31.9,31.45,32.02,31.3,15222
1089,2022-08-01,31.37,31.5,32.07,31.0,19436
1090,2022-08-02,31.48,29.98,31.48,29.36,28777
1091,2022-08-03,29.97,29.81,30.79,29.77,23170
1092,2022-08-04,30.12,30.51,30.57,29.81,23790
1093,2022-08-05,30.7,32.24,32.65,30.51,41956
1094,2022-08-08,32.4,33.47,34.42,32.39,46342
1095,2022-08-09,33.65,32.86,33.87,32.43,28284
1096,2022-08-10,32.71,32.73,33.15,32.4,18047
1097,2022-08-11,32.91,33.02,33.5,32.91,21803
1098,2022-08-12,33.16,32.85,33.47,32.7,16854
1099,2022-08-15,33.1,32.33,33.1,32.1,17773
1100,2022-08-16,32.5,31.99,32.5,31.8,14969
1101,2022-08-17,32.01,32.22,32.29,31.4,23631
1102,2022-08-18,32.24,31.52,32.32,31.24,24340
1103,2022-08-19,31.59,31.18,32.48,31.13,26316
1104,2022-08-22,31.01,31.44,31.87,30.11,20758
1105,2022-08-23,31.55,30.92,31.56,30.71,16813
1106,2022-08-24,30.6,29.55,31.03,29.55,26963
1107,2022-08-25,29.57,29.09,29.92,28.84,19740
1108,2022-08-26,29.12,28.51,29.39,28.48,18120
1109,2022-08-29,28.11,29.38,29.56,28.05,26741
1110,2022-08-30,29.4,29.61,30.16,29.19,18843
1111,2022-08-31,29.69,29.4,29.99,29.11,15471
1112,2022-09-01,29.97,29.28,30.12,29.18,16606
1113,2022-09-02,29.27,30.02,30.1,29.27,19689
1114,2022-09-05,29.92,29.55,30.14,29.31,16212
1115,2022-09-06,29.55,29.27,29.74,29.05,16047
1116,2022-09-07,29.19,29.11,29.27,28.85,11834
1117,2022-09-08,29.16,28.7,29.42,28.68,11702
1118,2022-09-09,28.95,28.78,28.97,28.45,7983
1119,2022-09-13,28.98,29.04,29.38,28.76,10612
1120,2022-09-14,28.8,29.19,29.24,28.18,13993
1121,2022-09-15,29.29,28.41,29.4,28.21,15324
1122,2022-09-16,28.39,28.41,29.87,28.35,31413
1123,2022-09-19,28.42,27.51,28.64,27.17,22156
1124,2022-09-20,27.59,27.5,28.21,27.39,13959
1125,2022-09-21,27.21,27.87,28.1,26.5,14692
1126,2022-09-22,27.69,27.97,28.44,27.59,11276
1127,2022-09-23,27.72,27.01,28.2,27.0,13760
1128,2022-09-26,26.87,26.12,26.95,26.1,15891
1129,2022-09-27,26.29,27.14,27.19,26.13,17780
1130,2022-09-28,27.0,26.34,27.29,26.32,10951
1131,2022-09-29,26.53,25.95,26.84,25.85,12357
1132,2022-09-30,26.11,25.59,26.25,25.59,9204
1133,2022-10-10,25.65,24.76,25.92,24.73,12843
1134,2022-10-11,24.86,24.88,25.07,24.32,8906
1135,2022-10-12,24.9,26.03,26.09,24.72,13896
1136,2022-10-13,26.11,27.5,28.24,26.03,33357
1137,2022-10-14,27.29,27.91,28.23,27.27,20733
1138,2022-10-17,27.8,28.5,28.87,27.8,18151
1139,2022-10-18,28.61,28.3,28.83,28.22,14632
1140,2022-10-19,28.21,28.21,28.62,27.73,13913
1141,2022-10-20,27.94,28.8,29.48,27.8,25029
1142,2022-10-21,28.78,28.66,29.21,28.12,17571
1143,2022-10-24,28.81,28.43,29.58,28.3,20830
1144,2022-10-25,28.3,28.0,28.95,27.7,19073
1145,2022-10-26,28.39,30.09,30.28,28.01,43188
1146,2022-10-27,29.89,30.3,30.47,29.61,30569
1147,2022-10-28,30.26,29.9,31.45,29.77,45439
1148,2022-10-31,29.63,30.69,31.21,29.63,34652
1149,2022-11-01,30.8,31.08,31.28,30.5,30791
1150,2022-11-02,32.3,31.35,32.45,31.08,43560
1151,2022-11-03,31.0,31.13,31.59,30.38,29467
1152,2022-11-04,31.13,31.17,31.48,30.72,23575
1153,2022-11-07,31.3,31.92,32.2,31.0,33459
1154,2022-11-08,31.6,32.21,33.15,31.12,58872
1155,2022-11-09,31.95,31.72,32.05,31.2,28041
1156,2022-11-10,31.5,32.7,33.11,31.45,65146
1157,2022-11-11,33.15,31.68,33.73,31.66,66602
1158,2022-11-14,31.59,33.4,33.82,31.42,72274
1159,2022-11-15,32.9,34.91,35.36,32.9,101508
1160,2022-11-16,39.5,38.74,41.89,38.11,209393
1161,2022-11-17,39.2,38.05,39.58,36.55,174266
1162,2022-11-18,37.01,36.64,38.79,36.57,116526
1163,2022-11-21,36.06,35.29,37.19,34.76,81632
1164,2022-11-22,35.3,33.99,35.62,33.7,76255
1165,2022-11-23,33.99,32.42,33.99,31.68,75476
1166,2022-11-24,32.6,32.29,32.98,32.15,42910
1167,2022-11-25,32.32,31.64,32.48,31.4,38297
1168,2022-11-28,31.09,31.37,31.82,31.08,31050
1169,2022-11-29,31.39,31.85,32.25,31.39,32855
1170,2022-11-30,31.75,31.2,31.78,30.91,35106
1171,2022-12-01,31.58,31.76,32.19,31.45,36023
1172,2022-12-02,31.7,32.39,32.71,31.7,37923
1173,2022-12-05,32.41,32.56,32.89,32.0,32822
1174,2022-12-06,32.5,31.37,32.7,31.23,41568
1175,2022-12-07,31.6,31.84,32.53,31.09,36813
1176,2022-12-08,31.85,30.95,32.0,30.9,30972
1177,2022-12-09,31.35,31.8,32.12,31.12,43752
1178,2022-12-12,31.6,31.58,31.94,31.2,32134
1179,2022-12-13,31.58,30.88,31.59,30.79,24292
1180,2022-12-14,30.85,30.84,31.39,30.75,18998
1181,2022-12-15,30.61,31.02,31.42,30.56,18518
1182,2022-12-16,30.76,30.0,31.1,30.0,25452
1183,2022-12-19,30.01,29.42,30.28,29.31,17990
1184,2022-12-20,29.5,28.96,29.88,28.9,18737
1185,2022-12-21,29.01,28.88,29.24,28.62,15279
1186,2022-12-22,28.88,28.5,29.27,28.5,13919
1187,2022-12-23,28.05,29.11,29.55,28.01,19744
1188,2022-12-26,29.11,29.38,29.44,28.8,19780
1189,2022-12-27,29.41,29.2,29.58,28.94,15993
1190,2022-12-28,29.28,28.73,29.28,28.63,12159
1191,2022-12-29,28.7,28.76,29.32,28.56,15751
1192,2022-12-30,28.79,29.36,29.59,28.77,15561
1193,2023-01-03,29.59,30.65,30.72,29.17,27398
1194,2023-01-04,30.5,31.09,31.21,30.3,25691
1195,2023-01-05,31.2,30.97,31.44,30.84,17720
1196,2023-01-06,31.1,30.56,31.17,30.5,16318
1197,2023-01-09,30.56,30.58,31.22,30.45,13724
1198,2023-01-10,30.65,30.89,31.17,30.3,15747
1199,2023-01-11,30.8,30.47,31.15,30.42,16712
1200,2023-01-12,30.48,30.76,31.05,30.33,15671
1201,2023-01-13,30.76,30.66,30.95,30.37,12118
1202,2023-01-16,30.95,31.58,32.18,30.77,28879
1203,2023-01-17,31.7,31.11,31.7,30.9,20313
1204,2023-01-18,31.3,31.48,31.74,30.87,19044
1205,2023-01-19,31.3,32.1,32.12,31.19,24211
1206,2023-01-20,32.03,32.4,32.63,31.92,23179
1207,2023-01-30,34.53,37.24,37.84,33.35,161771
1208,2023-01-31,36.46,36.07,36.91,34.78,104189
1209,2023-02-01,35.8,37.5,37.7,35.8,93104
1210,2023-02-02,37.38,38.4,40.58,37.37,162161
1211,2023-02-03,38.0,39.96,40.63,37.81,103179
1212,2023-02-06,40.5,42.19,43.5,40.5,131935
1213,2023-02-07,42.0,42.16,44.42,40.67,129742
1214,2023-02-08,42.0,41.09,42.76,40.9,98278
1215,2023-02-09,40.0,40.17,40.73,39.4,81260
1216,2023-02-10,40.62,40.62,42.28,40.32,100296
1217,2023-02-13,40.86,41.68,41.68,39.24,89005
1218,2023-02-14,46.0,43.54,48.0,42.65,252535
1219,2023-02-15,44.6,49.2,50.55,41.9,271690
1220,2023-02-16,47.9,52.0,54.37,47.2,303768
1221,2023-02-17,52.5,48.92,53.88,48.56,250239
1222,2023-02-20,51.0,55.5,56.31,50.91,298104
1223,2023-02-21,54.19,54.05,57.45,52.96,270707
1224,2023-02-22,52.74,51.68,53.0,48.84,238249
1225,2023-02-23,50.33,48.0,50.48,47.06,205361
1226,2023-02-24,48.0,48.17,49.0,47.0,146093
1227,2023-02-27,47.47,46.19,48.84,45.78,123992
1228,2023-02-28,46.61,45.82,46.75,43.76,171502
1229,2023-03-01,45.3,49.91,51.38,44.85,257826
1230,2023-03-02,50.3,55.31,56.56,50.22,263915
1231,2023-03-03,53.13,58.58,59.55,53.13,245078
1232,2023-03-06,58.03,56.68,60.08,55.4,151628
1233,2023-03-07,56.44,56.62,59.97,55.5,162413
1234,2023-03-08,56.71,54.45,57.62,52.63,177561
1235,2023-03-09,53.75,54.2,55.5,52.66,123848
1236,2023-03-10,53.0,54.4,56.83,52.81,156369
1237,2023-03-13,54.41,65.28,65.28,53.17,245783
1238,2023-03-14,66.59,63.01,67.44,62.31,224614
1239,2023-03-15,65.06,63.2,65.99,59.44,195473
1240,2023-03-16,62.16,69.58,74.2,60.5,244649
1241,2023-03-17,71.31,70.35,74.7,69.61,255883
1242,2023-03-20,72.08,72.4,73.5,67.88,186997
1243,2023-03-21,68.18,69.06,71.86,67.44,192358
1244,2023-03-22,67.15,73.4,74.79,66.03,232710
1245,2023-03-23,71.6,71.79,73.55,68.5,170268
1246,2023-03-24,75.5,77.02,81.0,75.4,213124
1247,2023-03-27,73.33,79.3,82.57,73.33,194587
1248,2023-03-28,77.0,71.51,77.0,71.51,162554
1249,2023-03-29,71.01,73.35,76.88,70.0,165163
1250,2023-03-30,72.15,73.0,74.44,70.75,104793
1251,2023-03-31,73.64,76.19,76.88,68.8,177735
1252,2023-04-03,73.8,81.51,83.29,73.8,202767
1253,2023-04-04,80.0,77.0,81.19,76.68,134345
1254,2023-04-06,72.0,68.63,75.66,67.89,162011
1255,2023-04-07,70.02,73.38,75.15,68.03,158105
1256,2023-04-10,73.5,70.7,80.41,69.61,195637
1257,2023-04-11,70.73,74.6,77.48,70.69,152527
1258,2023-04-12,83.0,89.52,89.52,80.6,241771
1259,2023-04-13,92.11,87.63,95.99,87.0,205133
1260,2023-04-14,89.11,83.9,90.3,79.81,161885
1261,2023-04-17,84.0,82.0,84.8,77.99,130474
1262,2023-04-18,82.08,88.0,90.23,79.52,167132
1263,2023-04-19,85.01,90.04,91.89,85.01,165701
1264,2023-04-20,89.2,108.05,108.05,88.88,185199
1265,2023-04-21,106.0,115.0,120.8,104.9,241948
1266,2023-04-24,115.28,117.8,120.5,112.62,154786
1267,2023-04-25,119.0,133.99,134.61,118.0,162805
1268,2023-04-26,133.21,128.98,134.6,121.0,167346
1269,2023-04-27,122.0,117.0,125.8,111.9,160674
1270,2023-04-28,121.01,140.4,140.4,121.01,158858
1271,2023-05-04,146.0,158.5,164.44,141.5,169724
1272,2023-05-05,150.0,144.0,154.99,142.11,160553
1273,2023-05-08,145.01,143.5,147.8,138.0,134933
1274,2023-05-09,137.48,143.99,153.99,135.0,161331
1275,2023-05-10,142.15,149.99,152.0,126.5,219887
1276,2023-05-11,151.01,141.19,160.17,141.0,210273
1277,2023-05-12,134.02,133.47,141.0,131.4,138393
1278,2023-05-15,134.44,140.19,144.49,134.44,188248
1279,2023-05-16,138.0,129.42,139.0,128.64,162893
1280,2023-05-17,127.09,127.9,132.96,123.11,162981
1281,2023-05-18,128.03,135.67,138.48,125.6,196141
1282,2023-05-19,131.7,122.3,138.4,120.64,175427
1283,2023-05-22,121.33,123.01,123.42,117.2,123264
1284,2023-05-23,121.01,124.3,127.0,118.23,118898
1285,2023-05-24,122.48,122.99,131.8,121.2,153118
1286,2023-05-25,122.01,116.88,125.37,111.66,183226
1287,2023-05-26,115.12,136.6,140.26,115.03,253205
1288,2023-05-29,134.23,130.5,138.5,129.0,174864
1289,2023-05-30,130.5,142.03,144.88,127.18,198300
1290,2023-05-31,142.03,144.08,149.6,139.39,155047
1291,2023-06-01,140.0,149.81,161.0,138.88,178337
1292,2023-06-02,146.02,139.97,149.44,138.96,178531
1293,2023-06-05,140.02,141.0,141.57,135.6,123027
1294,2023-06-06,137.2,137.98,139.84,134.68,105426
1295,2023-06-07,137.23,140.11,146.33,135.33,147601
1296,2023-06-08,135.9,132.4,138.49,128.78,134098
1297,2023-06-09,132.5,131.0,134.25,126.0,118383
1298,2023-06-12,131.08,128.28,135.25,127.97,104736
1299,2023-06-13,127.5,131.88,134.8,124.62,138625
1300,2023-06-14,135.81,138.38,142.5,132.9,171538
1301,2023-06-15,141.92,134.5,144.38,133.14,141382
1302,2023-06-16,132.1,141.89,144.22,129.66,163304
1303,2023-06-19,145.0,151.62,153.72,140.29,174502
1304,2023-06-20,147.0,162.31,172.2,146.65,214485
1305,2023-06-21,162.5,143.0,166.44,141.8,203612
1306,2023-06-26,140.0,130.0,145.66,129.71,137388
1307,2023-06-27,131.0,128.0,132.49,126.69,94759
1308,2023-06-28,126.65,116.86,126.76,113.45,172317
1309,2023-06-29,116.67,115.49,118.3,113.88,114164
1310,2023-06-30,114.84,117.15,118.7,112.12,117530
1311,2023-07-03,116.0,112.8,116.0,105.79,158700
1312,2023-07-04,112.87,113.37,113.6,110.21,97120
1313,2023-07-05,112.78,111.62,115.54,111.18,91719
1314,2023-07-06,109.9,111.8,115.9,109.55,91528
1315,2023-07-07,111.0,108.32,111.77,105.12,98715
1316,2023-07-10,108.63,108.01,109.99,106.02,59510
1317,2023-07-11,111.07,109.76,114.2,106.54,132041
1318,2023-07-12,108.33,102.0,109.3,101.23,146622
1319,2023-07-13,102.01,103.17,104.83,100.65,98584
1320,2023-07-14,104.75,106.7,109.5,102.76,125881
1321,2023-07-17,106.17,101.09,106.68,100.95,91470
1322,2023-07-18,101.0,99.48,103.48,98.5,91840
1323,2023-07-19,106.82,103.1,108.0,102.23,127823
1324,2023-07-20,103.09,98.3,103.11,97.5,105372
1325,2023-07-21,97.01,98.51,100.83,97.01,58651
1326,2023-07-24,101.11,99.39,102.55,98.2,77058
1327,2023-07-25,102.0,109.11,115.56,99.0,217738
1328,2023-07-26,109.38,103.2,110.2,102.77,144911
1329,2023-07-27,101.5,101.0,104.48,99.38,88013
1330,2023-07-28,100.44,94.76,101.0,94.19,117428
1331,2023-07-31,94.0,95.0,97.5,91.11,90773
1332,2023-08-01,95.04,93.74,95.48,92.3,76277
1333,2023-08-02,92.96,92.97,93.65,91.53,62847
1334,2023-08-03,92.29,92.83,94.49,91.55,49784
1335,2023-08-04,92.99,94.73,95.07,92.3,73174
1336,2023-08-07,95.39,97.3,98.08,95.01,100978
1337,2023-08-08,96.3,96.48,101.8,96.1,84433
1338,2023-08-09,95.14,92.85,97.52,92.75,66024
1339,2023-08-10,91.51,93.21,95.93,91.51,59402
1340,2023-08-11,93.21,93.4,97.49,93.0,73275
1341,2023-08-14,92.09,99.51,100.5,92.03,141146
1342,2023-08-15,100.45,95.48,100.48,94.0,105904
1343,2023-08-16,95.0,93.26,96.2,92.0,67330
1344,2023-08-17,93.0,95.15,96.71,92.13,77252
1345,2023-08-18,94.58,88.35,94.99,88.01,99744
1346,2023-08-21,88.04,89.39,91.74,88.0,56538
1347,2023-08-22,90.53,93.68,94.3,88.85,77160
1348,2023-08-23,92.23,88.66,92.6,88.5,57582
1349,2023-08-24,90.3,87.03,92.0,87.0,74923
1350,2023-08-25,85.31,83.81,87.21,83.11,84422
1351,2023-08-28,89.11,85.92,89.8,84.2,86295
1352,2023-08-29,85.02,89.87,90.5,84.59,90464
1353,2023-08-30,90.77,93.69,95.59,89.92,144350
1354,2023-08-31,92.08,90.28,94.0,88.5,105911
1355,2023-09-01,90.3,89.03,90.97,87.86,52264
1356,2023-09-04,89.61,89.66,89.93,87.15,52637
1357,2023-09-05,89.0,86.36,89.0,86.28,65221
1358,2023-09-06,86.37,83.23,86.37,82.05,83580
1359,2023-09-07,83.33,80.18,83.94,80.15,72550
1360,2023-09-08,79.7,78.0,80.49,77.33,61081
1361,2023-09-11,78.25,80.92,82.99,77.39,80722
1362,2023-09-12,80.1,81.01,82.2,80.1,47166
1363,2023-09-13,80.24,78.37,80.24,77.56,48956
1364,2023-09-14,78.06,77.22,78.4,76.7,39188
1365,2023-09-15,77.4,76.1,77.79,75.5,38898
1366,2023-09-18,76.65,74.97,77.3,74.74,43083
1367,2023-09-19,74.97,75.31,75.97,74.1,47440
1368,2023-09-20,75.35,74.0,76.79,73.88,55907
1369,2023-09-21,74.51,73.6,74.93,73.3,34081
1370,2023-09-22,73.79,82.0,84.54,73.79,174300
1371,2023-09-25,83.0,84.5,86.14,81.88,147568
1372,2023-09-26,88.79,96.73,101.4,88.79,250592
1373,2023-09-27,92.02,96.6,99.88,92.0,185565
1374,2023-09-28,99.21,99.55,101.45,97.5,155370
1375,2023-10-09,97.01,92.3,98.96,90.81,154850
1376,2023-10-10,91.57,92.3,94.88,91.57,102582
1377,2023-10-11,92.78,94.41,97.3,90.0,128073
1378,2023-10-12,96.46,92.2,96.98,92.02,88046
1379,2023-10-13,91.06,88.95,92.7,88.53,85901
1380,2023-10-16,88.77,86.29,88.78,85.2,66345
1381,2023-10-17,85.99,85.43,87.0,83.61,58116
1382,2023-10-18,83.2,82.2,83.96,79.21,83337
1383,2023-10-19,82.22,80.55,83.43,80.5,53455
1384,2023-10-20,80.37,77.5,80.71,77.1,46693
1385,2023-10-23,77.51,73.39,78.42,72.48,55436
1386,2023-10-24,74.17,79.67,84.39,73.71,138640
1387,2023-10-25,79.7,78.5,81.45,77.9,87012
1388,2023-10-26,77.3,78.71,80.77,76.04,90623
1389,2023-10-27,78.0,79.36,81.65,78.0,120830
1390,2023-10-30,81.4,81.38,83.09,78.8,134911
1391,2023-10-31,83.1,80.4,83.89,78.83,107069
1392,2023-11-01,79.0,78.18,82.95,78.12,90358
1393,2023-11-02,77.9,78.31,80.84,77.9,95172
1394,2023-11-03,78.29,84.17,85.98,77.26,162717
1395,2023-11-06,87.08,90.55,90.59,84.17,189200
1396,2023-11-07,89.75,91.26,93.1,88.0,160977
1397,2023-11-08,91.5,95.08,99.5,90.39,157289
1398,2023-11-09,95.09,94.24,99.02,93.81,118947
1399,2023-11-10,94.0,91.68,95.37,91.4,89534
1400,2023-11-13,92.99,94.3,98.98,92.69,111526
1401,2023-11-14,94.62,94.1,95.64,92.19,89863
1402,2023-11-15,96.0,91.35,97.0,91.21,87754
1403,2023-11-16,89.86,88.75,91.9,88.43,84515
1404,2023-11-17,89.08,90.0,90.04,87.18,76808
1405,2023-11-20,89.34,89.91,91.15,87.61,71158
1406,2023-11-21,91.48,88.65,92.38,88.5,80779
1407,2023-11-22,87.8,85.8,88.88,85.8,65260
1408,2023-11-23,86.33,85.65,86.45,83.89,43565
1409,2023-11-24,86.12,82.48,86.2,81.54,53879
1410,2023-11-27,80.9,81.17,82.85,80.6,52424
1411,2023-11-28,81.49,81.35,82.18,80.18,44258
1412,2023-11-29,80.81,79.36,81.6,79.36,50270
1413,2023-11-30,79.7,78.71,80.58,77.8,43856
1414,2023-12-01,82.39,94.45,94.45,82.15,245272
1415,2023-12-04,93.5,100.04,101.0,93.02,266716
1416,2023-12-05,99.0,96.15,100.99,95.5,188513
1417,2023-12-06,95.3,98.36,103.88,92.8,208213
1418,2023-12-07,103.22,104.7,110.0,103.0,255449
1419,2023-12-08,103.02,108.0,112.55,102.11,222578
1420,2023-12-11,104.23,107.0,108.15,103.79,143555
1421,2023-12-12,107.0,105.3,111.06,103.31,138527
1422,2023-12-13,104.0,101.9,105.72,101.21,113536
1423,2023-12-14,102.41,100.82,105.38,100.01,103962
1424,2023-12-15,101.59,99.91,102.7,96.52,102413
1425,2023-12-18,99.49,98.3,101.06,97.54,71320
1426,2023-12-19,99.17,102.2,104.9,97.19,139135
1427,2023-12-20,102.66,95.73,102.96,95.68,112490
1428,2023-12-21,94.23,99.14,102.5,94.15,119798
1429,2023-12-22,98.6,93.0,100.0,86.01,141628
1430,2023-12-25,93.73,92.1,94.99,89.62,82413
1431,2023-12-26,92.37,89.66,92.69,87.77,72534
1432,2023-12-27,90.54,89.19,91.55,89.01,69348
1433,2023-12-28,88.58,93.08,93.65,87.54,104854
1434,2023-12-29,92.1,94.6,97.98,92.0,114436
1435,2024-01-02,93.99,90.57,95.27,90.11,75358
1436,2024-01-03,89.5,90.99,92.2,88.28,79696
1437,2024-01-04,89.4,86.1,89.68,82.75,93735
1438,2024-01-05,86.1,84.15,86.8,83.01,64598
1439,2024-01-08,83.8,84.63,87.0,82.82,76763
1440,2024-01-09,86.15,83.12,86.48,82.05,76159
1441,2024-01-10,82.11,81.2,82.66,80.22,52868
1442,2024-01-11,81.01,84.93,85.62,81.01,89749
1443,2024-01-12,84.8,81.8,84.99,81.8,63258
1444,2024-01-15,80.23,81.23,83.37,80.21,47820
1445,2024-01-16,81.0,82.0,82.0,79.35,53831
1446,2024-01-17,81.69,83.4,86.88,81.28,105499
1447,2024-01-18,81.99,94.4,98.99,81.03,195397
1448,2024-01-19,93.7,90.29,94.01,90.0,132619
1449,2024-01-22,91.82,88.87,93.69,88.5,132463
1450,2024-01-23,88.14,95.08,96.0,88.04,176257
1451,2024-01-24,93.5,92.84,93.86,88.88,139488
1452,2024-01-25,92.75,95.58,97.24,90.08,147499
1453,2024-01-26,94.0,91.97,99.39,91.89,140193
1454,2024-01-29,88.88,77.7,89.0,73.63,152154
1455,2024-01-30,77.0,77.18,79.5,75.76,77245
1456,2024-01-31,78.36,78.1,81.78,74.0,108436
1457,2024-02-01,75.01,79.79,83.18,73.51,112211
1458,2024-02-02,79.0,79.8,81.22,76.53,90804
1459,2024-02-05,78.5,76.79,82.6,73.99,99223
1460,2024-02-06,74.25,83.4,84.2,74.0,127407
1461,2024-02-07,82.1,82.65,87.3,82.1,122772
1462,2024-02-08,84.2,84.2,87.3,83.07,112225
1463,2024-02-19,101.04,101.04,101.04,97.02,153426
1464,2024-02-20,109.0,104.95,117.0,103.96,379820
1465,2024-02-21,99.87,100.58,104.4,99.86,247157
1466,2024-02-22,101.9,102.84,104.08,100.01,188893
1467,2024-02-23,103.03,105.6,106.97,98.93,230387
1468,2024-02-26,101.78,102.53,104.73,100.01,158974
1469,2024-02-27,100.88,105.79,106.8,100.18,192021
1470,2024-02-28,107.22,97.99,110.58,96.28,227605
1471,2024-02-29,95.95,101.08,101.79,95.81,148345
1472,2024-03-01,100.0,105.12,106.6,99.53,198236
1473,2024-03-04,105.15,106.62,108.86,100.01,206086
1474,2024-03-05,103.99,113.58,124.04,103.44,314404
1475,2024-03-06,111.49,111.23,115.04,108.3,181290
1476,2024-03-07,110.47,104.2,112.2,103.75,157947
1477,2024-03-08,105.0,106.3,106.58,102.3,119390
1478,2024-03-11,103.0,106.5,106.51,101.72,109798
1479,2024-03-12,105.85,104.08,108.08,103.15,114389
1480,2024-03-13,105.2,106.8,110.0,104.49,170780
1481,2024-03-14,104.6,103.15,106.45,101.53,109575
1482,2024-03-15,103.0,105.65,106.0,100.53,102778
1483,2024-03-18,107.0,107.87,109.49,104.99,123091
1484,2024-03-19,111.6,106.72,115.0,106.42,164075
1485,2024-03-20,104.34,110.2,112.0,104.34,157482
1486,2024-03-21,110.7,112.48,115.0,109.0,181974
1487,2024-03-22,111.31,114.72,116.99,107.3,181570
1488,2024-03-25,118.0,107.4,118.49,107.4,158904
1489,2024-03-26,105.5,100.82,106.5,99.51,151548
1490,2024-03-27,99.43,92.9,100.71,92.5,132899
1491,2024-03-28,92.9,96.6,99.88,92.5,147751
1492,2024-03-29,95.45,93.64,96.26,92.86,90637
1493,2024-04-01,94.0,97.28,98.6,93.99,110477
1494,2024-04-02,96.5,94.6,97.3,93.04,87534
1495,2024-04-03,94.08,88.36,94.44,88.32,127626
1496,2024-04-08,87.87,88.53,89.39,87.55,72480
1497,2024-04-09,88.5,87.21,88.5,85.73,69626
1498,2024-04-10,86.5,84.24,87.35,84.06,74059
1499,2024-04-11,84.03,85.52,87.43,83.82,99798
1500,2024-04-12,85.52,86.1,87.29,85.48,78207
1501,2024-04-15,85.37,83.48,86.8,81.68,95724
1502,2024-04-16,82.66,78.54,83.8,78.5,92746
1503,2024-04-17,79.95,83.38,83.7,79.95,110758
1504,2024-04-18,82.1,82.11,83.99,80.66,85030
1505,2024-04-19,82.97,83.89,85.15,82.58,106682
1506,2024-04-22,80.96,82.69,83.81,78.88,64468
1507,2024-04-23,83.5,86.45,86.98,83.5,119451
1508,2024-04-24,87.2,87.66,88.0,84.63,108354
1509,2024-04-25,85.95,86.05,89.19,85.6,93849
1510,2024-04-26,86.98,91.01,91.98,86.18,121880
1511,2024-04-29,95.84,93.02,96.99,93.0,152165
1512,2024-04-30,92.6,92.0,94.46,91.16,93650
1513,2024-05-06,93.68,91.98,94.8,91.53,92457
1514,2024-05-07,92.14,89.4,94.05,89.13,110634
1515,2024-05-08,88.5,86.07,88.5,85.67,89685
1516,2024-05-09,85.6,86.51,86.9,85.25,67040
1517,2024-05-10,86.16,85.4,87.86,85.0,54741
1518,2024-05-13,86.04,89.82,91.24,85.73,131366
1519,2024-05-14,90.71,87.73,91.6,86.5,110856
1520,2024-05-15,85.99,83.05,86.2,83.0,101900
1521,2024-05-16,83.5,83.35,84.25,82.8,59102
1522,2024-05-17,82.8,83.99,83.99,80.85,66252
1523,2024-05-20,83.1,83.98,84.48,82.51,52897
1524,2024-05-21,84.0,84.5,85.68,83.5,57060
1525,2024-05-22,84.73,83.9,84.73,82.8,44383
1526,2024-05-23,84.29,80.89,84.45,80.71,66827
1527,2024-05-24,80.76,79.8,81.62,79.78,43968
1528,2024-05-27,79.99,81.38,81.39,78.6,46201
1529,2024-05-28,80.9,79.09,81.25,79.08,38118
1530,2024-05-29,79.2,79.13,80.19,78.72,31740
1531,2024-05-30,78.68,79.2,79.82,77.68,31794
1532,2024-05-31,79.8,80.15,81.15,79.74,41922
1533,2024-06-03,80.25,81.67,82.28,79.8,52017
1534,2024-06-04,81.67,82.22,82.22,80.67,40625
1535,2024-06-05,58.78,54.57,58.78,54.1,107325
1536,2024-06-06,54.58,53.01,55.03,52.88,83705
1537,2024-06-07,53.49,52.8,54.1,51.85,72597
1538,2024-06-11,52.42,54.57,54.85,51.57,81953
1539,2024-06-12,54.25,55.6,56.3,54.25,74520
1540,2024-06-13,55.34,55.31,55.97,55.08,55853
1541,2024-06-14,56.7,56.37,57.14,55.76,78063
1542,2024-06-17,55.18,55.96,56.45,55.07,55847
1543,2024-06-18,56.2,56.53,57.98,56.02,76701
1544,2024-06-19,56.15,55.68,57.15,55.68,57680
1545,2024-06-20,55.7,53.19,55.9,53.15,75741
1546,2024-06-21,53.18,52.85,53.47,52.36,40096
1547,2024-06-24,52.55,50.29,52.99,50.12,63487
1548,2024-06-25,50.5,48.92,51.26,48.21,77725
1549,2024-06-26,49.2,56.82,58.0,49.05,214162
1550,2024-06-27,55.25,54.23,56.54,54.16,161224
1551,2024-06-28,54.55,53.07,55.37,52.99,116781
1552,2024-07-01,52.37,52.93,53.7,52.03,62788
1553,2024-07-02,53.09,52.7,54.32,52.38,91560
1554,2024-07-03,52.4,51.2,52.63,50.92,65130
1555,2024-07-04,51.45,49.85,52.0,49.8,58100
1556,2024-07-05,50.0,50.75,51.2,49.01,76593
1557,2024-07-08,50.37,48.63,50.37,48.45,62972
1558,2024-07-09,48.95,49.96,50.16,48.19,69910
1559,2024-07-10,49.66,49.8,50.93,49.25,63007
1560,2024-07-11,50.8,50.75,51.3,50.05,70329
1561,2024-07-12,50.64,49.81,50.68,49.61,59952
1562,2024-07-15,49.6,49.37,50.12,49.18,39276
1563,2024-07-16,49.4,50.19,50.29,48.66,55102
1564,2024-07-17,49.9,49.92,51.59,49.8,75541
1565,2024-07-18,48.88,48.53,49.31,47.28,81276
1566,2024-07-19,48.4,48.75,49.86,48.18,68155
1567,2024-07-22,49.27,49.12,49.7,48.77,47947
1568,2024-07-23,49.12,47.59,49.36,47.49,54027
1569,2024-07-24,47.58,45.96,47.96,45.89,66908
1570,2024-07-25,45.9,45.77,46.75,45.52,48113
1571,2024-07-26,45.88,46.64,46.88,45.73,46502
1572,2024-07-29,46.71,46.85,47.25,46.11,38869
1573,2024-07-30,46.83,46.6,47.21,46.2,42003
1574,2024-07-31,46.6,48.58,48.73,46.55,75443
1575,2024-08-01,48.53,48.01,49.14,47.88,54468
1576,2024-08-02,47.47,47.16,48.98,47.1,62380
1577,2024-08-05,46.5,45.4,48.2,45.38,68998
1578,2024-08-06,46.05,46.19,46.75,45.3,43691
1579,2024-08-07,46.4,45.43,46.56,45.34,43580
1580,2024-08-08,45.01,44.92,45.26,43.82,52174
1581,2024-08-09,45.48,44.0,45.88,44.0,38658
1582,2024-08-12,43.94,43.59,44.25,43.35,37902
1583,2024-08-13,43.59,44.16,44.16,43.4,34091
1584,2024-08-14,44.3,44.64,45.54,43.76,63181
1585,2024-08-15,44.06,45.15,45.98,44.05,64448
1586,2024-08-16,44.28,42.5,44.87,42.41,113891
1587,2024-08-19,42.23,42.81,43.68,42.23,67934
1588,2024-08-20,42.77,42.02,43.17,41.97,44496
1589,2024-08-21,41.81,41.38,42.63,41.33,43209
1590,2024-08-22,41.6,40.48,42.08,40.38,56390
1591,2024-08-23,40.48,40.63,40.92,39.99,44477
1592,2024-08-26,41.0,40.52,41.58,40.2,43673
1593,2024-08-27,40.26,39.68,40.71,39.5,38675
1594,2024-08-28,39.65,39.45,39.7,38.68,41913
1595,2024-08-29,39.4,39.82,40.19,38.99,40489
1596,2024-08-30,39.82,40.96,41.55,39.72,67042
1597,2024-09-02,40.85,38.95,41.19,38.93,61110
1598,2024-09-03,38.93,39.74,40.06,38.72,52928
1599,2024-09-04,39.0,39.28,39.98,39.0,35640
1600,2024-09-05,39.42,39.92,40.73,39.3,57322
1601,2024-09-06,39.89,39.09,40.2,39.07,37868
1602,2024-09-09,38.9,38.73,39.17,38.28,32958
1603,2024-09-10,38.92,39.77,40.15,38.09,55624
1604,2024-09-11,39.5,41.48,43.4,39.48,162637
1605,2024-09-12,42.46,41.73,43.72,41.52,153519
1606,2024-09-13,41.6,40.42,43.28,40.34,108526
1607,2024-09-18,39.66,38.65,40.14,37.92,87679
1608,2024-09-19,38.98,39.53,39.92,38.32,91613
1609,2024-09-20,40.0,39.29,40.07,38.83,58788
1610,2024-09-23,39.14,38.95,39.9,38.85,49281
1611,2024-09-24,39.2,41.09,41.35,38.38,131739
1612,2024-09-25,41.3,42.68,44.62,41.3,180281
1613,2024-09-26,42.38,43.72,43.75,42.02,119591
1614,2024-09-27,44.55,47.88,48.47,44.3,189182
1615,2024-09-30,51.01,57.45,57.45,49.45,301282
1616,2024-10-08,68.94,68.94,68.94,62.11,319013
1617,2024-10-09,65.52,67.9,76.56,61.0,358981
1618,2024-10-10,68.0,60.97,68.5,59.97,234053
1619,2024-10-11,58.7,55.32,59.42,54.15,171739
1620,2024-10-14,55.4,58.91,60.01,53.55,184643
1621,2024-10-15,57.72,57.3,61.68,57.29,192366
1622,2024-10-16,55.1,57.19,58.77,55.0,125188
1623,2024-10-17,57.84,61.37,65.88,57.19,294099
1624,2024-10-18,60.0,63.14,65.0,59.2,283746
1625,2024-10-21,63.14,64.48,66.88,62.55,247678
1626,2024-10-22,64.48,67.06,72.5,63.88,368672
1627,2024-10-23,67.0,62.35,67.0,62.25,256921
1628,2024-10-24,61.02,61.99,63.27,61.02,116272
1629,2024-10-25,61.0,62.28,62.88,60.5,159487
1630,2024-10-28,63.0,64.96,65.87,61.8,188527
1631,2024-10-29,65.0,62.3,66.66,62.29,184829
1632,2024-10-30,61.05,61.48,62.78,60.59,116910
1633,2024-10-31,61.05,61.38,63.02,59.68,148421
1634,2024-11-01,61.61,56.14,62.16,56.01,170014
1635,2024-11-04,55.61,57.16,57.67,55.24,75761
1636,2024-11-05,57.17,60.15,60.3,56.7,136283
1637,2024-11-06,60.15,60.29,62.56,59.8,151390
1638,2024-11-07,59.6,61.54,61.8,59.1,115575
1639,2024-11-08,62.68,62.11,64.87,61.7,192550
1640,2024-11-11,62.0,66.88,68.08,61.55,288350
1641,2024-11-12,66.25,63.62,66.48,62.73,201571
1642,2024-11-13,64.98,68.39,71.2,63.8,397706
1643,2024-11-14,69.89,67.56,73.0,67.2,388980
1644,2024-11-15,69.92,69.78,73.88,68.0,360438
1645,2024-11-18,69.91,59.43,70.0,55.82,327027
1646,2024-11-19,57.5,59.24,59.56,56.5,207905
1647,2024-11-20,59.24,61.64,64.56,59.01,221082
1648,2024-11-21,61.0,61.28,62.92,60.22,175212
1649,2024-11-22,60.68,60.69,65.8,60.25,247468
1650,2024-11-25,62.5,61.61,63.1,58.55,178712
1651,2024-11-26,61.0,60.84,64.0,60.22,156343
1652,2024-11-27,60.0,63.43,63.48,57.68,168533
1653,2024-11-28,63.43,60.4,63.83,60.28,159159
1654,2024-11-29,60.21,63.42,66.13,59.71,215553
1655,2024-12-02,63.0,64.23,65.25,62.81,161546
1656,2024-12-03,63.97,62.37,63.97,61.84,137962
1657,2024-12-04,61.75,60.51,62.69,60.05,105642
1658,2024-12-05,64.0,72.61,72.61,64.0,271253
1659,2024-12-06,80.0,81.88,86.68,75.48,735949
1660,2024-12-09,85.21,83.1,87.0,80.0,561746
1661,2024-12-10,86.0,81.53,90.3,80.01,547392
1662,2024-12-11,78.0,77.67,80.0,77.0,323012
1663,2024-12-12,77.4,75.18,78.5,73.46,354016
1664,2024-12-13,74.11,73.58,77.26,73.43,294063
1665,2024-12-16,72.75,70.82,73.49,70.4,210941
1666,2024-12-17,70.69,70.18,71.85,69.36,162320
1667,2024-12-18,69.84,71.92,72.96,68.88,206090
1668,2024-12-19,70.18,70.93,71.46,69.38,153787
1669,2024-12-20,70.23,73.43,73.77,69.9,205110
1670,2024-12-23,73.0,67.2,73.0,65.31,225775
1671,2024-12-24,67.0,66.81,67.5,65.0,125952
1672,2024-12-25,66.32,64.97,66.67,64.41,106219
1673,2024-12-26,65.5,67.63,67.77,65.05,129564
1674,2024-12-27,67.29,67.6,69.04,66.31,111297
1675,2024-12-30,68.0,68.15,70.06,67.21,130260
1676,2024-12-31,68.8,63.15,68.8,62.8,125330
1677,2025-01-02,63.15,61.21,64.2,60.19,99450
1678,2025-01-03,61.6,57.53,61.77,57.0,104006
1679,2025-01-06,57.53,55.97,58.45,55.28,77733
1680,2025-01-07,56.3,57.65,57.65,55.9,77595
1681,2025-01-08,56.5,57.1,58.18,54.79,93675
1682,2025-01-09,56.85,59.6,60.5,56.41,140383
1683,2025-01-10,59.0,57.5,60.3,57.5,94083
1684,2025-01-13,56.8,57.8,58.23,55.76,61685
1685,2025-01-14,58.47,61.5,61.65,57.96,124544
1686,2025-01-15,61.0,61.48,62.98,60.85,119382
1687,2025-01-16,61.56,60.89,63.24,59.96,97806
1688,2025-01-17,60.89,61.59,62.57,59.87,88741
1689,2025-01-20,61.99,61.93,62.86,61.32,85996
1690,2025-01-21,62.68,62.41,63.28,61.24,78560
1691,2025-01-22,63.01,60.43,63.01,59.88,91712
1692,2025-01-23,61.88,61.08,63.85,61.05,131621
1693,2025-01-24,61.79,68.83,70.67,61.25,333657
1694,2025-01-27,72.5,68.46,73.3,68.2,231452
1695,2025-02-05,76.8,82.15,82.15,75.0,349871
1696,2025-02-06,81.17,79.65,81.17,75.88,431743
1697,2025-02-07,77.3,80.32,86.97,75.91,453309
1698,2025-02-10,80.24,81.15,83.3,79.1,321963
1699,2025-02-11,79.11,76.63,80.68,76.42,315727
1700,2025-02-12,76.56,78.28,78.75,76.11,231892
1701,2025-02-13,78.48,79.94,83.35,77.3,365689
1702,2025-02-14,77.91,78.49,81.6,74.57,299252
1703,2025-02-17,78.81,83.5,83.5,77.8,352682
1704,2025-02-18,81.92,76.68,81.92,76.27,268811
1705,2025-02-19,76.6,78.09,78.4,75.8,173011
1706,2025-02-20,77.7,76.2,78.43,74.91,174295
1707,2025-02-21,76.31,78.7,79.0,75.85,216098
1708,2025-02-24,78.71,79.02,82.0,78.01,213488
1709,2025-02-25,76.81,77.29,80.22,76.0,168970
1710,2025-02-26,81.56,78.42,82.5,77.68,202919
1711,2025-02-27,77.82,73.25,79.17,73.16,214674
1712,2025-02-28,72.0,67.3,72.92,66.6,162824
1713,2025-03-03,67.9,68.3,70.8,66.25,124278
1714,2025-03-04,67.0,68.74,69.02,67.0,75071
1715,2025-03-05,68.59,69.05,69.3,67.7,79401
1716,2025-03-06,72.0,73.66,74.68,71.12,197873
1717,2025-03-07,73.8,72.7,75.2,71.36,164091
1718,2025-03-10,71.43,71.09,71.9,70.48,81345
1719,2025-03-11,69.5,70.27,70.71,69.34,63282
1720,2025-03-12,71.0,70.18,71.47,70.16,74843
1721,2025-03-13,70.58,68.17,71.06,67.35,96641
1722,2025-03-14,68.6,69.34,69.85,67.61,75781
1723,2025-03-17,69.5,69.22,70.0,68.86,55097
1724,2025-03-18,69.7,70.3,70.88,69.22,78169
1725,2025-03-19,70.11,68.96,70.2,68.7,50988
1726,2025-03-20,68.6,68.3,69.88,68.01,50635
1727,2025-03-21,67.8,65.87,68.09,65.81,65066
1728,2025-03-24,65.88,64.35,66.45,62.03,80393
1729,2025-03-25,64.31,62.58,64.52,62.04,59475
1730,2025-03-26,62.8,62.78,63.73,62.61,37959
1731,2025-03-27,62.96,62.48,63.63,62.09,40277
1732,2025-03-28,63.23,62.9,64.88,62.6,64451
1733,2025-03-31,61.8,62.17,62.5,60.25,64348
1734,2025-04-01,62.4,61.38,62.82,61.36,38838
